Name,LAT,LON,ELEV,hDebris,Var6,Var7,Var8,Station,Lat___,Lon___,Elevation_m_,VariableMeasured,RecordingSince,LON_UTM,LAT_UTM,ID,Elevation,Slope,Aspect,COL,ROW,idx
AWS_OnGlacier,39.09697,71.41769,3579,22.4,NaN,NaN,NaN,AWS on-glacier,39.09697,71.41769,3579,"Ta, RH, WS, WD, Swin/out, LWin/out, HS",July 2021,709078.790845069,4330320.30294514,0,0,0,0,19,107,4013
AWS_3900m,39.10003,71.43205,3910,0,NaN,NaN,NaN,Pluviometer station,39.11507,71.41184,3369,"P, Ta, RH, WS, WD, Swin/out, HS",July 2021,710311.681683596,4330693.11157878,0,0,0,0,31,110,6620
Pluvio,39.11507,71.41184,3372,0,NaN,NaN,NaN,Stream gauge n°1,39.1109,71.41408,3366,Water pressure and temperature,July 2021,708519.455294561,4332315.82758412,0,0,0,0,13,126,2730
Stakes_1,39.09693,71.41808,3585,14,NaN,NaN,NaN,Stream gauge n°3,39.13426267,71.45053147,3149,Water pressure and temperature,July 2021,709112.639925592,4330316.76141926,0,0,0,0,19,106,4012
Stakes_2,39.09713,71.41811,3579,25,NaN,NaN,NaN,Stream gauge n°4,39.15779974,71.54682835,2106,Water pressure and temperature,Sep 21,709114.643429027,4330339.02918894,0,0,0,0,19,107,4013
Stakes_3,39.09686,71.41746,3585,14,NaN,NaN,NaN,Tlogger + Camera,39.10609,71.42113,3529,"Ta, Snow height",July 2021,709059.223355414,4330307.56403312,0,0,0,0,19,106,4012
Stakes_4,39.09654,71.41768,3585,10,NaN,NaN,NaN,AWS ridge,39.10005,71.43203,3899,"Ta, WD, WS, RH, Swin/out, snow height",Sep 22,709079.19675169,4330272.55277891,0,0,0,0,19,106,4012
Stakes_5,39.09199,71.41781,3630,13.5,NaN,NaN,NaN,Tlogger + Camera,39.08273,71.42043,3695,"Ta, Snow height",July 2021,709103.887273801,4329767.83262414,0,0,0,0,19,101,4007
Stakes_6,39.09134,71.42001,3628,3,NaN,NaN,NaN,Tlogger + Camera,39.13514132,71.44479726,3186,"Ta, Snow height",July 2021,709296.099905619,4329700.75575991,0,0,0,0,21,100,4440
Stakes_7,39.09041,71.42164,3637,6,NaN,NaN,NaN,Caritas Station,39.12211,71.39651,3465,"Ta, RH, Press",Sep 22,709439.841477281,4329601.29044172,0,0,0,0,22,99,4656
Stakes_8,39.08788,71.42276,3649,5.5,NaN,NaN,NaN,Tlogger + Camera,39.15779974,71.54682835,2106,"Ta, Snow height",Sep 22,709544.210143037,4329323.06132699,0,0,0,0,23,97,4871
Stakes_9,39.08582,71.42365,3670,1,NaN,NaN,NaN,,NaN,NaN,NaN,,,709627.297399509,4329096.46929176,0,0,0,0,24,94,5085
Stakes_10,39.08216,71.4237,3710,9,NaN,NaN,NaN,,NaN,NaN,NaN,,,709642.463113453,4328690.34944155,0,0,0,0,24,90,5081
Stakes_11,39.08246,71.42005,3700,26,NaN,NaN,NaN,,NaN,NaN,NaN,,,709325.823424833,4328715.22810121,0,0,0,0,21,90,4430
Stakes_12,39.08369,71.41966,3679,30,NaN,NaN,NaN,,NaN,NaN,NaN,,,709288.448656162,4328850.85084362,0,0,0,0,21,92,4432
Stakes_13,39.08371,71.41998,3679,28,NaN,NaN,NaN,,NaN,NaN,NaN,,,709316.07131178,4328853.8082174,0,0,0,0,21,92,4432
S6n,39.09129,71.42005,3561,13,NaN,NaN,NaN,,NaN,NaN,NaN,,,709299.707651579,4329695.29829704,0,0,0,0,21,100,4440
S7n,39.08954,71.42196,3577,10,NaN,NaN,NaN,,NaN,NaN,NaN,,,709470.09599058,4329505.46441473,0,0,0,0,23,98,4872
S8n,39.08388,71.42267,3601,20,NaN,NaN,NaN,,NaN,NaN,NaN,,,709548.268142363,4328878.88062379,0,0,0,0,24,92,5083
S9n,39.08612,71.42358,3607,0,NaN,NaN,NaN,,NaN,NaN,NaN,,,709620.353619776,4329129.60568727,0,0,0,0,24,95,5086
S10n,39.08251,71.42348,3679,14,NaN,NaN,NaN,,NaN,NaN,NaN,,,709622.394917268,4328728.68924266,0,0,0,0,24,91,5082
S14,39.09617,71.41787,3528,19,NaN,NaN,NaN,,NaN,NaN,NaN,,,709096.723383688,4330231.92281072,0,0,0,0,19,106,4012
S15,39.08388,71.41976,3635,29,NaN,NaN,NaN,,NaN,NaN,NaN,,,709296.537376651,4328872.1700081,0,0,0,0,21,92,4432
Gauge1,39.1109,71.41408,3366,0,NaN,NaN,NaN,,NaN,NaN,NaN,,,708725.451389792,4331858.13363289,0,0,0,0,15,122,3160
Gauge2,39.13494,71.44488,3170,0,NaN,NaN,NaN,,NaN,NaN,NaN,,,711316.914903122,4334597.71788428,0,0,0,0,41,149,8829
Gauge3,39.13426267,71.45053147,3149,0,NaN,NaN,NaN,,NaN,NaN,NaN,,,711807.476904903,4334535.71831181,0,0,0,0,46,149,9914
Gauge4,39.15779974,71.54682835,2112,0,NaN,NaN,NaN,,NaN,NaN,NaN,,,720058.476074394,4337377.51346198,0,0,0,0,129,177,27953
T_logger_off3500,39.10609,71.42113,3529,0,NaN,NaN,NaN,,NaN,NaN,NaN,,,709349.320186541,4331340.49110215,0,0,0,0,22,117,4674
T_logger_off3900,39.10005,71.43203,3899,0,NaN,NaN,NaN,,NaN,NaN,NaN,,,710309.892505213,4330695.28511843,0,0,0,0,31,110,6620
T_logger_on3695,39.08273,71.42043,3695,0,NaN,NaN,NaN,,NaN,NaN,NaN,,,709357.897530433,4328746.07219392,0,0,0,0,22,91,4648
T_logger_off3200,39.13514132,71.44479726,3186,0,NaN,NaN,NaN,,NaN,NaN,NaN,,,711309.160440265,4334619.87053759,0,0,0,0,41,149,8829
T_logger_off2100,39.15813,71.54635,2130,0,NaN,NaN,NaN,,NaN,NaN,NaN,,,720016.109294556,4337413.01022599,0,0,0,0,128,177,27736
baro_st2_st3,39.13529693,71.44239032,3205,0,NaN,NaN,NaN,,NaN,NaN,NaN,,,711100.632507497,4334631.53835559,0,0,0,0,39,150,8396
Cluster_0,39.0310104437153,71.4907292125596,0,0,0,0,0,,0,0,0,,,715596.6305,4323169.9468,33,3910.56810222786,0.582912571152867,3.80183950240905,84,35,18046
Cluster_1,39.0209839751171,71.4961519452545,0,0,0,0,0,,0,0,0,,,716096.6305,4322069.9468,34,4906.26422769466,0.82117531411459,3.68517386645852,89,24,19120
Cluster_2,39.0404764755854,71.4263660061066,0,0,0,0,0,,0,0,0,,,709996.6305,4324069.9468,35,4707.88798813806,0.465443497878715,2.08255644629592,28,44,5903
Cluster_3,39.0116704797662,71.4681089576364,0,0,0,0,0,,0,0,0,,,713696.6305,4320969.9468,36,5631.10048761303,0.596210956806545,2.1132579294408,65,13,13901
Cluster_4,39.0612798800822,71.4224558421586,0,0,0,0,0,,0,0,0,,,709596.6305,4326369.9468,37,4555.29088078683,0.741385000192525,2.69658610919347,24,67,5058
Cluster_5,39.0775383554206,71.4634681395917,0,0,0,0,0,,0,0,0,,,713096.6305,4328269.9468,38,4425.58333953828,0.639430710180997,3.1632486529956,59,86,12672
Cluster_6,39.0527432533024,71.4429627509049,0,0,0,0,0,,0,0,0,,,711396.6305,4325469.9468,39,4250.09666608436,0.314728460470369,3.40272022152564,42,58,8955
Cluster_7,39.0455891604897,71.4404054335726,0,0,0,0,0,,0,0,0,,,711196.6305,4324669.9468,40,4383.61913501669,0.149606838603873,3.43342170467052,40,50,8513
Cluster_8,39.0079470304698,71.4737532191917,0,0,0,0,0,,0,0,0,,,714196.6305,4320569.9468,41,5287.75699607275,0.783496554762504,2.67816521930654,70,9,14982
Cluster_9,39.0369712099452,71.4216251321972,0,0,0,0,0,,0,0,0,,,709596.6305,4323669.9468,42,5020.71205820809,0.682650463555449,1.22905521486833,24,40,5031
Cluster_10,39.0327669098322,71.4503605438769,0,0,0,0,0,,0,0,0,,,712096.6305,4323269.9468,43,4471.36247174365,0.547450209409727,1.77554161484715,49,36,10452
Cluster_11,39.021082722985,71.4915355863949,0,0,0,0,0,,0,0,0,,,715696.6305,4322069.9468,44,4684.99842203537,0.75025059062831,3.70359475634544,85,24,18252
Cluster_12,39.0138311514193,71.4935906387608,0,0,0,0,0,,0,0,0,,,715896.6305,4321269.9468,45,5509.02280173204,0.780171958349084,3.59920971365286,87,16,18678
Cluster_13,39.0293576420616,71.4837405998773,0,0,0,0,0,,0,0,0,,,714996.6305,4322969.9468,46,3902.9382468603,0.177311808715701,3.49482467096028,78,33,16742
Cluster_14,39.0856165202467,71.4649052856233,0,0,0,0,0,,0,0,0,,,713196.6305,4329169.9468,47,3784.67548866309,0.265967713073551,3.50710526421823,60,95,12898
Cluster_15,39.0513763618646,71.4221172835708,0,0,0,0,0,,0,0,0,,,709596.6305,4325269.9468,48,5119.90017798639,0.653837294639147,2.49395632043728,24,56,5047
Cluster_16,39.0282602695675,71.4929427818849,0,0,0,0,0,,0,0,0,,,715796.6305,4322869.9468,49,4231.02202766545,0.724762018125428,3.1878098395115,86,32,18477
Cluster_17,39.0467546682076,71.427736293316,0,0,0,0,0,,0,0,0,,,710096.6305,4324769.9468,50,4879.5597339082,0.461010702660823,1.77554161484715,29,51,6127
Cluster_18,39.0705795645151,71.4516683270375,0,0,0,0,0,,0,0,0,,,712096.6305,4327469.9468,51,4742.22233729209,0.600643752024437,4.23780056306631,49,78,10494
Cluster_19,39.0749594129613,71.457599193135,0,0,0,0,0,,0,0,0,,,712596.6305,4327969.9468,52,4959.6732152676,0.828932705745902,2.81939204177298,54,83,11584
Cluster_20,39.0255100577947,71.4951561829269,0,0,0,0,0,,0,0,0,,,715996.6305,4322569.9468,53,4517.14160394902,0.73251940975674,3.29833517883306,88,29,18908
Cluster_21,39.0326940698984,71.4538234929361,0,0,0,0,0,,0,0,0,,,712396.6305,4323269.9468,54,4257.72652145192,0.50977145005764,1.51764915643018,52,36,11103
Cluster_22,39.0182337107626,71.4983650065625,0,0,0,0,0,,0,0,0,,,716296.6305,4321769.9468,55,5230.53308081604,0.736952204974632,3.79569920578007,91,21,19551
Cluster_23,39.0317208271783,71.4572552339975,0,0,0,0,0,,0,0,0,,,712696.6305,4323169.9468,56,4147.09361862227,0.197259387196217,1.57291182609096,55,35,11753
Cluster_24,39.0548334621103,71.4291685764407,0,0,0,0,0,,0,0,0,,,710196.6305,4325669.9468,57,4585.81030225707,0.349082623409036,1.05712690925702,30,60,6353
Cluster_25,39.0252725660262,71.4639620386973,0,0,0,0,0,,0,0,0,,,713296.6305,4322469.9468,58,4093.68463104934,0.336892436559832,2.62290254964576,61,28,13048
Cluster_26,39.0349061023062,71.4342617598299,0,0,0,0,0,,0,0,0,,,710696.6305,4323469.9468,59,4765.11190339477,0.784604753566977,3.54394704399208,35,38,7416
Cluster_27,39.0376070470436,71.43435448565,0,0,0,0,0,,0,0,0,,,710696.6305,4323769.9468,60,4566.73566383817,0.260426719051186,2.78255026199912,35,41,7419
Cluster_28,39.0636436660303,71.4387159771949,0,0,0,0,0,,0,0,0,,,710996.6305,4326669.9468,61,3925.82781296298,0.138524850559141,4.04745136756807,38,70,8099
Cluster_29,39.0668324120477,71.4584728917548,0,0,0,0,0,,0,0,0,,,712696.6305,4327069.9468,62,5192.38380397823,0.633889716158631,4.4895527248543,55,74,11792
Cluster_30,39.017456941041,71.4925631603861,0,0,0,0,0,,0,0,0,,,715796.6305,4321669.9468,63,5066.49119041346,0.826716308136956,3.66061267994261,86,20,18465
Cluster_31,39.0811883248111,71.4612832569609,0,0,0,0,0,,0,0,0,,,712896.6305,4328669.9468,64,4128.01898020337,0.520853438102372,3.24307250917228,57,90,12242
Cluster_32,39.0293110431134,71.4433105364048,0,0,0,0,0,,0,0,0,,,711496.6305,4322869.9468,65,4994.00756442162,0.535260022560522,2.65360403279064,43,32,9146
Cluster_33,39.0124240008022,71.4750640910702,0,0,0,0,0,,0,0,0,,,714296.6305,4321069.9468,66,5089.38075651614,0.452145112225038,2.40799216763162,71,14,15204
Cluster_34,39.0386919213674,71.5106381990001,0,0,0,0,0,,0,0,0,,,717296.6305,4324069.9468,67,3765.60085024419,0.171770814693335,0.252748050861232,101,44,21744
Cluster_35,39.0669297640374,71.4538534163755,0,0,0,0,0,,0,0,0,,,712296.6305,4327069.9468,68,4932.96872148113,0.611725740069168,4.33604530912991,51,74,10924
Cluster_36,39.0139051421056,71.4901287137859,0,0,0,0,0,,0,0,0,,,715596.6305,4321269.9468,69,5364.05554974837,0.72919481334332,3.814120095667,84,16,18027
Cluster_37,39.0431774335747,71.4264584496809,0,0,0,0,0,,0,0,0,,,709996.6305,4324369.9468,70,4753.66712034343,0.543017414191834,0.82379563735595,28,47,5906
Cluster_38,39.114611738968,71.4994539409412,0,0,0,0,0,,0,0,0,,,716096.6305,4332469.9468,71,3166.65720389059,0.271508707095917,4.54481539451508,89,128,19224
Cluster_39,39.0503830560595,71.4694565875047,0,0,0,0,0,,0,0,0,,,713696.6305,4325269.9468,72,4414.13855648693,0.291456285576433,1.54221034294608,65,56,13944
Cluster_40,39.0259773428895,71.47322686223,0,0,0,0,0,,0,0,0,,,714096.6305,4322569.9468,73,3944.90245138189,0.136308452950195,2.05185496315104,69,29,14785
Cluster_41,39.0463199879427,71.4485182487017,0,0,0,0,0,,0,0,0,,,711896.6305,4324769.9468,74,4597.25508530841,0.529719028538157,4.91937348888258,47,51,10033
Cluster_42,39.0814010203327,71.4936571506777,0,0,0,0,0,,0,0,0,,,715696.6305,4328769.9468,75,3353.58866039586,0.147390440994926,2.29746682831006,85,91,18319
Cluster_43,39.0782656891959,71.4288164251735,0,0,0,0,0,,0,0,0,,,710096.6305,4328269.9468,76,3735.08142877394,0.130767458927829,2.72114729570937,29,86,6162
Cluster_44,39.1237134243946,71.4951492141624,0,0,0,0,0,,0,0,0,,,715696.6305,4333469.9468,77,3048.39444569339,0.114144476860733,3.38429933163872,85,138,18366
Cluster_45,39.1038174546396,71.4562888804426,0,0,0,0,0,,0,0,0,,,712396.6305,4331169.9468,78,3593.92910447405,0.105278886424947,3.48254407770233,52,115,11182
Cluster_46,39.0363627507542,71.4932276318329,0,0,0,0,0,,0,0,0,,,715796.6305,4323769.9468,79,3784.67548866309,0.100846091207055,2.85623382154683,86,41,18486
Cluster_47,39.0654684405327,71.4376231083452,0,0,0,0,0,,0,0,0,,,710896.6305,4326869.9468,80,3906.75317454408,0.155147832626238,4.96235556528541,37,72,7884
Cluster_48,39.0822270833245,71.4971541199513,0,0,0,0,0,,0,0,0,,,715996.6305,4328869.9468,81,3368.84837113098,0.407817160046112,4.71060340349742,88,92,18971
Cluster_49,39.058795397169,71.4974835933957,0,0,0,0,0,,0,0,0,,,716096.6305,4326269.9468,82,3574.85446605515,0.100846091207055,3.40272022152564,89,66,19162
Cluster_50,39.0478931376147,71.5017209573577,0,0,0,0,0,,0,0,0,,,716496.6305,4325069.9468,83,3716.00679035504,0.0831149103354848,3.30447547546204,93,54,20018
Cluster_51,39.0618672065637,71.4374991878802,0,0,0,0,0,,0,0,0,,,710896.6305,4326469.9468,84,3967.79201748457,0.550774805823146,2.70272640582244,37,68,7880
Cluster_52,39.0322058460564,71.4769094984628,0,0,0,0,0,,0,0,0,,,714396.6305,4323269.9468,85,3895.30839149274,0.149606838603873,2.01501318337719,72,36,15443
Cluster_53,39.1137362656956,71.4982665220186,0,0,0,0,0,,0,0,0,,,715996.6305,4332369.9468,86,3139.95271010413,0.287023490358541,4.63691984394971,88,127,19006
Cluster_54,39.1011821307745,71.4955105671147,0,0,0,0,0,,0,0,0,,,715796.6305,4330969.9468,87,3250.58561293377,0.217206965676734,4.1886781900345,86,113,18558
Cluster_55,39.0910915028738,71.4616276522142,0,0,0,0,0,,0,0,0,,,712896.6305,4329769.9468,88,3716.00679035504,0.0720329222907535,3.88780365521471,57,101,12253
Cluster_56,39.0297008035036,71.4675811866894,0,0,0,0,0,,0,0,0,,,713596.6305,4322969.9468,89,4005.94129432238,0.147390440994926,0.731691187921318,64,33,13704
Cluster_57,39.0595965994796,71.5021341810131,0,0,0,0,0,,0,0,0,,,716496.6305,4326369.9468,90,3597.74403215783,0.285915291554068,4.15183641026065,93,67,20031
Cluster_58,39.0678228199339,71.4966461735142,0,0,0,0,0,,0,0,0,,,715996.6305,4327269.9468,91,3464.2215632255,0.151823236212819,2.50623691369523,88,76,18955
Cluster_59,39.0665147557581,71.4734860319495,0,0,0,0,0,,0,0,0,,,713996.6305,4327069.9468,92,4360.729568914,0.595102758002071,1.60361330923583,68,74,14613
Cluster_60,39.0892377182994,71.4211003349289,0,0,0,0,0,,0,0,0,,,709396.6305,4329469.9468,93,3632.07838131186,0.0620591330504954,4.15183641026065,22,98,4655
Cluster_61,39.1327407738356,71.4943111700211,0,0,0,0,0,,0,0,0,,,715596.6305,4334469.9468,94,2949.20632591509,0.205016778827529,3.72815594286134,84,148,18159
Cluster_62,39.0371889050625,71.4967223450996,0,0,0,0,0,,0,0,0,,,716096.6305,4323869.9468,95,3769.41577792797,0.0875477055533774,1.62817449575174,89,42,19138
Cluster_63,39.070114718856,71.4308484048351,0,0,0,0,0,,0,0,0,,,710296.6305,4327369.9468,96,3826.63969318468,0.123010067296518,3.01588153390019,31,77,6587
Cluster_64,39.1119605186744,71.4970473414344,0,0,0,0,0,,0,0,0,,,715896.6305,4332169.9468,97,3132.32285473657,0.220531562090153,2.14395941258567,87,125,18787
Cluster_65,39.0778246563152,71.4923752965664,0,0,0,0,0,,0,0,0,,,715596.6305,4328369.9468,98,3414.62750333635,0.363489207867187,1.91676843731358,84,87,18098
Cluster_66,39.1019380803449,71.4169097705038,0,0,0,0,0,,0,0,0,,,708996.6305,4330869.9468,99,3529.07533384978,0.191718393173852,2.80711144851502,18,112,3801
Cluster_67,39.0975154229908,71.4560700761601,0,0,0,0,0,,0,0,0,,,712396.6305,4330469.9468,100,3658.78287509832,0.105278886424947,2.96675916086839,52,108,11175
Cluster_68,39.0876534225062,71.4961895218661,0,0,0,0,0,,0,0,0,,,715896.6305,4329469.9468,101,3319.25431124183,0.168446218279916,4.42200946193557,87,98,18760
Cluster_69,39.035140565406,71.5082020805716,0,0,0,0,0,,0,0,0,,,717096.6305,4323669.9468,102,3811.37998244956,0.479850082336866,2.85623382154683,99,40,21306
Cluster_70,39.0994804888433,71.4908255833108,0,0,0,0,0,,0,0,0,,,715396.6305,4330769.9468,103,3273.47517903646,0.319161255688262,1.68343716541251,82,111,17688
Cluster_71,39.1332089660987,71.4723486153046,0,0,0,0,0,,0,0,0,,,713696.6305,4334469.9468,104,3281.10503440402,0.113036278056259,4.12727522374475,65,148,14036
Cluster_72,39.1425940752582,71.4969729662989,0,0,0,0,0,,0,0,0,,,715796.6305,4335569.9468,105,2834.75849540166,0.138524850559141,3.17552924625355,86,159,18604
Cluster_73,39.0977826137994,71.4433609381678,0,0,0,0,0,,0,0,0,,,711296.6305,4330469.9468,106,3738.89635645772,0.393410575587962,2.67816521930654,41,108,8788
Cluster_74,39.1114081363778,71.438049430746,0,0,0,0,0,,0,0,0,,,710796.6305,4331969.9468,107,3403.18272028501,0.230505351330411,3.17552924625355,36,123,7718
Cluster_75,39.1537992507278,71.5205117200913,0,0,0,0,0,,0,0,0,,,717796.6305,4336869.9468,108,2510.48964228029,0.43884672657136,0.615025551970784,106,172,22957
Cluster_76,39.1762250133584,71.4831153362965,0,0,0,0,0,,0,0,0,,,714496.6305,4339269.9468,109,3136.13778242035,0.202800381218583,5.3921763293137,73,196,15820
Cluster_77,39.0963921979355,71.4236575304881,0,0,0,0,0,,0,0,0,,,709596.6305,4330269.9468,110,3555.77982763624,0.278157899922756,4.75972577652922,24,106,5097
Cluster_78,39.1542578209696,71.4568854912791,0,0,0,0,0,,0,0,0,,,712296.6305,4336769.9468,111,3185.7318423095,0.25488572502882,1.15537165532063,51,171,11021
Cluster_79,39.0960304432189,71.4409880460721,0,0,0,0,0,,0,0,0,,,711096.6305,4330269.9468,112,3872.41882539005,0.469876293096608,2.50623691369523,39,106,8352
Cluster_80,39.1387446885348,71.5084057146994,0,0,0,0,0,,0,0,0,,,716796.6305,4335169.9468,113,2941.57647054752,0.487607473968178,3.35973814512282,96,155,20770
Cluster_81,39.1444936297832,71.4924122113223,0,0,0,0,0,,0,0,0,,,715396.6305,4335769.9468,114,3067.46908411229,0.531935426147103,1.19221343509448,82,161,17738
Cluster_82,39.1241571425835,71.4743452652885,0,0,0,0,0,,0,0,0,,,713896.6305,4333469.9468,115,3353.58866039586,0.38565318395665,1.35186114744784,67,138,14460
Cluster_83,39.1499224031195,71.5331009994985,0,0,0,0,0,,0,0,0,,,718896.6305,4336469.9468,116,2422.74630555333,0.467659895487661,2.75798907548322,117,168,25340
Cluster_84,39.0739263653074,71.5061079203993,0,0,0,0,0,,0,0,0,,,716796.6305,4327969.9468,117,3693.11722425235,0.464335299074242,4.5141139113702,96,83,20698
Cluster_85,39.1077101265807,71.442547483308,0,0,0,0,0,,0,0,0,,,711196.6305,4331569.9468,118,3517.63055079843,0.247128333397508,2.95447856761044,40,119,8582
Cluster_86,39.1557496586464,71.5136384037813,0,0,0,0,0,,0,0,0,,,717196.6305,4337069.9468,119,2697.42109878555,0.472092690705554,0.486079322762299,100,174,21657
Cluster_87,39.1073352569517,71.5026658655776,0,0,0,0,0,,0,0,0,,,716396.6305,4331669.9468,120,3326.88416660939,0.453253311029511,4.27464234284016,92,120,19867
Cluster_88,39.0918206723067,71.4697458494942,0,0,0,0,0,,0,0,0,,,713596.6305,4329869.9468,121,4017.38607737372,0.506446853644221,4.66148103046561,64,102,13773
Cluster_89,39.0911057845074,71.5032479021568,0,0,0,0,0,,0,0,0,,,716496.6305,4329869.9468,122,3616.81867057674,0.518637040493425,4.62463925069176,93,102,20066
Cluster_90,39.1238370514498,71.4893703855564,0,0,0,0,0,,0,0,0,,,715196.6305,4333469.9468,123,3033.13473495826,0.108603482838367,4.09657374059987,80,138,17281
Cluster_91,39.1102342407811,71.4935171398307,0,0,0,0,0,,0,0,0,,,715596.6305,4331969.9468,124,3239.14082988243,0.190610194369379,3.19395013614048,84,123,18134
Cluster_92,39.1344272108053,71.45735262011,0,0,0,0,0,,0,0,0,,,712396.6305,4334569.9468,125,3178.10198694194,0.282590695140648,4.36674679227479,52,149,11216
Cluster_93,39.1552967236784,71.492793530905,0,0,0,0,0,,0,0,0,,,715396.6305,4336969.9468,126,2926.3167598124,0.565181390281297,5.68077027087554,82,173,17750
Cluster_94,39.1342072834667,71.4677562963503,0,0,0,0,0,,0,0,0,,,713296.6305,4334569.9468,127,3265.8453236689,0.0953050971846893,5.59480611806988,61,149,13169
Cluster_95,39.1550983786616,71.5020437313066,0,0,0,0,0,,0,0,0,,,716196.6305,4336969.9468,128,2968.28096433399,0.470984491901081,1.15537165532063,90,173,19486
Cluster_96,39.1701446340103,71.472484755301,0,0,0,0,0,,0,0,0,,,713596.6305,4338569.9468,129,3017.87502422314,0.178420007520174,5.13428387089673,64,189,13860
Cluster_97,39.1398231728418,71.4147346134826,0,0,0,0,0,,0,0,0,,,708696.6305,4335069.9468,130,3365.0334434472,0.213882369263314,0.928180680048533,15,154,3192
Cluster_98,39.123184556189,71.4349856442126,0,0,0,0,0,,0,0,0,,,710496.6305,4333269.9468,131,3334.51402197695,0.137416651754668,3.04658301704507,33,136,7080
Cluster_99,39.1147108150361,71.4948314908526,0,0,0,0,0,,0,0,0,,,715696.6305,4332469.9468,132,3151.39749315547,0.268184110682498,2.31588771819699,85,128,18356
Cluster_100,39.1338879731688,71.4827836272387,0,0,0,0,0,,0,0,0,,,714596.6305,4334569.9468,133,3193.36169767706,0.478741883532393,1.49922826654325,74,149,15990
Cluster_101,39.0995104744979,71.4468893572975,0,0,0,0,0,,0,0,0,,,711596.6305,4330669.9468,134,3632.07838131186,0.287023490358541,2.80711144851502,44,110,9441
Cluster_102,39.0924292371961,71.4408638195341,0,0,0,0,0,,0,0,0,,,711096.6305,4329869.9468,135,4070.79506494666,0.510879648862113,2.02115348000617,39,102,8348
Cluster_103,39.1650123643924,71.4595744500827,0,0,0,0,0,,0,0,0,,,712496.6305,4337969.9468,136,3082.72879484742,0.271508707095917,1.17993284183653,53,183,11467
Cluster_104,39.1440714316234,71.5120657787074,0,0,0,0,0,,0,0,0,,,717096.6305,4335769.9468,137,2792.79429088007,0.547450209409727,3.5378067473631,99,161,21427
Cluster_105,39.1845980174839,71.4706760674896,0,0,0,0,0,,0,0,0,,,713396.6305,4340169.9468,138,3292.54981745536,0.38565318395665,0.0685391519919678,62,205,13442
Cluster_106,39.0978771635665,71.4815194195554,0,0,0,0,0,,0,0,0,,,714596.6305,4330569.9468,139,3601.55895984161,0.72919481334332,1.99045199686129,74,109,15950
Cluster_107,39.1385621096769,71.4320448936162,0,0,0,0,0,,0,0,0,,,710196.6305,4334969.9468,140,3273.47517903646,0.161797025453077,1.12467017217575,30,153,6446
Cluster_108,39.0908218523084,71.4315595156105,0,0,0,0,0,,0,0,0,,,710296.6305,4329669.9468,141,3880.04868075761,0.510879648862113,4.96235556528541,31,100,6610
Cluster_109,39.1550238102144,71.5055125329026,0,0,0,0,0,,0,0,0,,,716496.6305,4336969.9468,142,2838.57342308544,0.415574551677424,1.48080737665632,93,173,20137
Cluster_110,39.1171997882983,71.4625364167343,0,0,0,0,0,,0,0,0,,,712896.6305,4332669.9468,143,3380.29315418232,0.173987212302282,4.15797670688963,57,130,12282
Cluster_111,39.0884572669677,71.4152932749643,0,0,0,0,0,,0,0,0,,,708896.6305,4329369.9468,144,3681.67244120101,0.571830583108136,2.15624000584363,17,97,3569
Cluster_112,39.1478059715486,71.4207927513652,0,0,0,0,0,,0,0,0,,,709196.6305,4335969.9468,145,3567.22461068758,0.401167967219274,1.14923135869165,20,163,4286
Cluster_113,39.1124535633441,71.4739356877196,0,0,0,0,0,,0,0,0,,,713896.6305,4332169.9468,146,3452.77678017416,0.434413931353467,1.91676843731358,67,125,14447
Cluster_114,39.1316421506145,71.5035265122725,0,0,0,0,0,,0,0,0,,,716396.6305,4334369.9468,147,3143.76763778791,0.517528841688952,4.50797361474123,92,147,19894
Cluster_115,39.1644969588649,71.4838599855036,0,0,0,0,0,,0,0,0,,,714596.6305,4337969.9468,148,3048.39444569339,0.309187466448004,3.4886843743313,74,183,16024
Cluster_116,39.0454395314748,71.490080802606,0,0,0,0,0,,0,0,0,,,715496.6305,4324769.9468,149,3796.12027171444,0.271508707095917,1.56677152946198,83,51,17845
Cluster_117,39.1023292874223,71.4839881700079,0,0,0,0,0,,0,0,0,,,714796.6305,4331069.9468,150,3342.14387734451,0.366813804280606,1.68343716541251,76,114,16389
Cluster_118,39.0794301214312,71.4161412084279,0,0,0,0,0,,0,0,0,,,708996.6305,4328369.9468,151,3895.30839149274,0.562964992672351,1.65887597889661,18,87,3776
Cluster_119,39.1702672584374,71.4667020293047,0,0,0,0,0,,0,0,0,,,713096.6305,4338569.9468,152,2998.80038580424,0.156256031430711,2.10711763281182,59,189,12775
Cluster_120,39.1391476645914,71.4471047379865,0,0,0,0,0,,0,0,0,,,711496.6305,4335069.9468,153,3159.02734852303,0.115252675665206,2.13167881932772,43,154,9268
Cluster_121,39.1609452091362,71.4814205064669,0,0,0,0,0,,0,0,0,,,714396.6305,4337569.9468,154,3097.98850558254,0.374571195911918,5.30007187987906,72,179,15586
Cluster_122,39.1441807117979,71.4218254858881,0,0,0,0,0,,0,0,0,,,709296.6305,4335569.9468,155,3456.59170785794,0.359056412649295,0.909759790161607,21,159,4499
Cluster_123,39.0643260321413,71.4491405286113,0,0,0,0,0,,0,0,0,,,711896.6305,4326769.9468,156,4776.55668644611,0.902073826841129,4.63077954732074,47,71,10053
Cluster_124,39.1475725771087,71.516818405884,0,0,0,0,0,,0,0,0,,,717496.6305,4336169.9468,157,2594.41805132347,0.589561763979706,3.19395013614048,103,165,22299
Cluster_125,39.1311905104731,71.4398885591795,0,0,0,0,0,,0,0,0,,,710896.6305,4334169.9468,158,3258.21546830134,0.117469073274152,3.01588153390019,37,145,7957
Cluster_126,39.1552230910029,71.5379197505888,0,0,0,0,0,,0,0,0,,,719296.6305,4337069.9468,159,2224.37006599672,0.353515418626929,3.33517695860691,121,174,26214
Cluster_127,39.1606982619237,71.4929842675518,0,0,0,0,0,,0,0,0,,,715396.6305,4337569.9468,160,3124.69299936901,0.105278886424947,3.50710526421823,82,179,17756
Cluster_128,39.1279030453731,71.4247377566474,0,0,0,0,0,,0,0,0,,,709596.6305,4333769.9468,161,3334.51402197695,0.175095411106755,1.62203419912276,24,141,5132
Cluster_129,39.0892307670352,71.506649787409,0,0,0,0,0,,0,0,0,,,716796.6305,4329669.9468,162,3830.45462086846,0.599535553219964,4.78428696304512,96,100,20715
Cluster_130,39.0935950519272,71.4281863437236,0,0,0,0,0,,0,0,0,,,709996.6305,4329969.9468,163,3708.37693498748,0.531935426147103,4.91937348888258,28,103,5962
Cluster_131,39.1579489588489,71.5368605531629,0,0,0,0,0,,0,0,0,,,719196.6305,4337369.9468,164,2247.25963209941,0.345758026995617,0.412395763214594,120,177,26000
Cluster_132,39.1139637287971,71.4450764585286,0,0,0,0,0,,0,0,0,,,711396.6305,4332269.9468,165,3448.96185249038,0.193934790782798,5.39831662594267,42,126,9023
Cluster_133,39.099232932941,71.5023792144658,0,0,0,0,0,,0,0,0,,,716396.6305,4330769.9468,166,3464.2215632255,0.487607473968178,4.53253480125713,92,111,19858
Cluster_134,39.1361185633545,71.5048419625968,0,0,0,0,0,,0,0,0,,,716496.6305,4334869.9468,167,2945.39139823131,0.453253311029511,3.10184568670585,93,152,20116
Cluster_135,39.0583731175092,71.5171133046649,0,0,0,0,0,,0,0,0,,,717796.6305,4326269.9468,168,4215.76231693033,0.698165246818073,4.66762132709459,106,66,22851
Cluster_136,39.0605790386425,71.4559446513264,0,0,0,0,0,,0,0,0,,,712496.6305,4326369.9468,169,4967.30307063516,0.647188101812309,4.42814975856455,53,67,11351
Cluster_137,39.0868767372299,71.4903819635831,0,0,0,0,0,,0,0,0,,,715396.6305,4329369.9468,170,3387.92300954988,0.388977780370069,1.84922517439485,82,97,17674
Cluster_138,39.0504808088393,71.464838222009,0,0,0,0,0,,0,0,0,,,713296.6305,4325269.9468,171,4559.10580847061,0.627240523331792,1.27817758790013,61,56,13076
Cluster_139,39.1564248407082,71.5240769575074,0,0,0,0,0,,0,0,0,,,718096.6305,4337169.9468,172,2438.00601628845,0.390085979174542,1.59747301260686,109,175,23611
Cluster_140,39.0887553874266,71.4442053289814,0,0,0,0,0,,0,0,0,,,711396.6305,4329469.9468,173,4017.38607737372,0.569614185499189,2.61676225301679,42,98,8995
Cluster_141,39.0670269332427,71.4492339186566,0,0,0,0,0,,0,0,0,,,711896.6305,4327069.9468,174,4585.81030225707,0.781280157153557,4.32376471587196,47,74,10056
Cluster_142,39.0812370942381,71.4589730589119,0,0,0,0,0,,0,0,0,,,712696.6305,4328669.9468,175,4192.87275082764,0.718112825298589,2.2115026755044,55,90,11808
Cluster_143,39.0548966224045,71.5112122690383,0,0,0,0,0,,0,0,0,,,717296.6305,4325869.9468,176,3876.23375307383,0.576263378326028,4.7413048866423,101,62,21762
Cluster_144,39.05086584448,71.489116009536,0,0,0,0,0,,0,0,0,,,715396.6305,4325369.9468,177,3788.49041634687,0.331351442537466,2.27904593842313,82,57,17634
Cluster_145,39.0290617240322,71.497591305412,0,0,0,0,0,,0,0,0,,,716196.6305,4322969.9468,178,4375.98927964912,0.861070471075623,4.06587225745499,90,33,19346
Cluster_146,39.0200412261074,71.4556957140028,0,0,0,0,0,,0,0,0,,,712596.6305,4321869.9468,179,4730.77755424074,0.912047616081387,2.55535928672703,54,22,11523
Cluster_147,39.0141607404501,71.5201636111064,0,0,0,0,0,,0,0,0,,,718196.6305,4321369.9468,180,5333.53612827812,0.748034193019364,3.68517386645852,110,17,23670
Cluster_148,39.0582482895655,71.5228866705602,0,0,0,0,0,,0,0,0,,,718296.6305,4326269.9468,181,4631.58943446244,0.734735807365686,4.68604221698152,111,66,23936
Cluster_149,39.0315643323327,71.5069204632813,0,0,0,0,0,,0,0,0,,,716996.6305,4323269.9468,182,4128.01898020337,0.794578542807235,3.40886051815462,98,36,21085
Cluster_150,39.0373924110225,71.5290756964226,0,0,0,0,0,,0,0,0,,,718896.6305,4323969.9468,183,4837.59552938661,0.735844006170159,4.4158691653066,117,43,25215
Cluster_151,39.0608217931882,71.4443969180081,0,0,0,0,0,,0,0,0,,,711496.6305,4326369.9468,184,4177.61304009252,0.93088699575743,4.01674988442319,43,67,9181
Cluster_152,39.0458543504442,71.4277054572645,0,0,0,0,0,,0,0,0,,,710096.6305,4324669.9468,185,4891.00451695954,0.462118901465296,1.40712381710862,29,50,6126
Cluster_153,39.062840049261,71.476824646165,0,0,0,0,0,,0,0,0,,,714296.6305,4326669.9468,186,4349.28478586266,0.867719663902462,2.45711454066342,71,70,15260
Cluster_154,39.06220901287,71.4640906096793,0,0,0,0,0,,0,0,0,,,713196.6305,4326569.9468,187,5161.86438250798,0.703706240840438,1.92904903057153,60,69,12872
Cluster_155,39.036756313436,71.4747580178135,0,0,0,0,0,,0,0,0,,,714196.6305,4323769.9468,188,4047.90549884397,0.423331943308736,1.06940750251497,70,41,15014
Cluster_156,39.0212879123959,71.5238816480506,0,0,0,0,0,,0,0,0,,,718496.6305,4322169.9468,189,4982.56278137028,0.32913504492852,3.43342170467052,113,25,24329
Cluster_157,39.0726950549077,71.4367160361575,0,0,0,0,0,,0,0,0,,,710796.6305,4327669.9468,190,3967.79201748457,0.597319155611018,4.98691675180131,36,80,7675
Cluster_158,39.0685744409139,71.5036070646571,0,0,0,0,0,,0,0,0,,,716596.6305,4327369.9468,191,3582.48432142271,0.43884672657136,4.7413048866423,94,77,20258
Cluster_159,39.0532304970957,71.4626228849843,0,0,0,0,0,,0,0,0,,,713096.6305,4325569.9468,192,4803.26118023258,0.760224379868568,0.860637417129803,59,59,12645
Cluster_160,39.0680242228021,71.4446454728653,0,0,0,0,0,,0,0,0,,,711496.6305,4327169.9468,193,4276.80115987082,0.702598042035965,4.40972886867762,43,75,9189
Cluster_161,39.0710763744066,71.5129416899223,0,0,0,0,0,,0,0,0,,,717396.6305,4327669.9468,194,4074.60999263044,0.613942137678115,5.02989882820414,102,80,21997
Cluster_162,39.0782416104555,71.4299715024671,0,0,0,0,0,,0,0,0,,,710196.6305,4328269.9468,195,3727.45157340638,0.222747959699099,2.4632548372924,30,86,6379
Cluster_163,39.0520602770364,71.4325399408667,0,0,0,0,0,,0,0,0,,,710496.6305,4325369.9468,196,4566.73566383817,0.694840650404653,2.74570848222527,33,57,7001
Cluster_164,39.0742729540614,71.4899386218014,0,0,0,0,0,,0,0,0,,,715396.6305,4327969.9468,197,3609.18881520917,0.508663251253167,1.84922517439485,82,83,17660
Cluster_165,39.0182649215117,71.4544793144396,0,0,0,0,0,,0,0,0,,,712496.6305,4321669.9468,198,4955.85828758381,0.897641031623236,2.62904284627474,53,20,11304
Cluster_166,39.0700514670481,71.5186840907075,0,0,0,0,0,,0,0,0,,,717896.6305,4327569.9468,199,4395.06391806803,0.660486487465986,4.79656755630308,107,79,23081
Cluster_167,39.1336905126854,71.4920310965869,0,0,0,0,0,,0,0,0,,,715396.6305,4334569.9468,200,2949.20632591509,0.196151188391744,1.14309106206267,82,149,17726
Cluster_168,39.0520856920784,71.4741377911877,0,0,0,0,0,,0,0,0,,,714096.6305,4325469.9468,201,4318.76536439241,0.497581263208436,1.40712381710862,69,58,14814
Cluster_169,39.0789221848852,71.483166702252,0,0,0,0,0,,0,0,0,,,714796.6305,4328469.9468,202,3929.64274064677,0.73251940975674,2.0886967429249,76,88,16363
Cluster_170,39.0369031463096,71.467831819592,0,0,0,0,0,,0,0,0,,,713596.6305,4323769.9468,203,4349.28478586266,0.611725740069168,0.111521228394796,64,41,13712
Cluster_171,39.0470015575249,71.4589402899264,0,0,0,0,0,,0,0,0,,,712796.6305,4324869.9468,204,4990.19263673784,0.678217668337556,1.95361021708744,56,52,11987
Cluster_172,39.0646406131007,71.4768876047841,0,0,0,0,0,,0,0,0,,,714296.6305,4326869.9468,205,4192.87275082764,0.613942137678115,2.17466089573055,71,72,15262
