Date,EICE,ESN,SND,SWE,Ta,Ws,U,N,Rsw,Pre,Pr,Pr_sno,Albedo,Smelt,Imelt,SSN,ICE,ET,ros
01-Nov-2022,0,0.00403089848315791,7.54697856740353e-05,0.00670481808280601,-7.1898375,2.62814166666667,0.736710208333333,229.898716666667,152.064379211948,665.150966666667,0.1207,0.1207,0.0990665927938423,0,0,0.00403089848315791,0,0.00359829894458076,21.5077334245123
02-Nov-2022,0,0.0181013394195514,0.0495780063371391,5.46753187005402,-4.6710625,2.05530416666667,0.791480208333334,294.283016666667,77.0254830945303,664.096920833333,14.943,14.943,0.827563971661323,0.00549042542362136,0,0.0171030712360427,0,0.0181013440894377,93.1245998791717
03-Nov-2022,0,-0.00133273441167477,0.137561057536595,16.756473158162,-3.12347916666667,1.6349625,0.91064775,273.561429166667,141.702327449643,664.273075,10.2626,10.2626,0.831867476323568,0,0,-0.00133273441167477,0,-0.00133273441167477,121.439859910634
04-Nov-2022,0,0.00903169781923276,0.264849581101637,35.2728116878119,-2.69265416666667,2.15655416666667,0.996434125,322.504741666667,29.0871839614315,662.453270833333,21.2199,21.2199,0.85,0,0,0.00903169781923276,0,0.00903169781923276,132.34879635302
05-Nov-2022,0,0.00444866162121288,0.380624398766819,56.6516937153893,-2.77885416666667,1.48389583333333,0.999240125,301.765775,48.5349814800107,663.668416666667,15.2176,15.2176,0.85,0,0,0.00444866162121288,0,0.00444866162121288,148.472251980909
06-Nov-2022,0,-0.00388669670050155,0.373606159546102,62.3486788574655,-4.38165,1.429325,0.961175458333333,271.464566666667,81.6458509835724,663.350304166667,3.1379,3.1379,0.841375400250791,0,0,-0.00388669670050155,0,-0.00388669670050155,166.723679976421
07-Nov-2022,0,-0.000891594510379676,0.364972043676351,65.7598682088132,-5.63960416666667,1.60649166666667,0.909233916666667,263.810754166667,91.9369188925749,662.30325,2.5502,2.5502,0.81730620048427,0,0,-0.000891594510379676,0,-0.000891594510379676,179.989272061323
08-Nov-2022,0,0.00713981374024497,0.424088550036962,76.9461876579462,-6.23355833333333,2.87001666666667,0.957170916666667,298.69255,24.1634255589369,659.755016666667,19.584,19.584,0.85,0,0,0.00713981374024497,0,0.00713981374024497,181.492215518217
09-Nov-2022,0,-4.71576743892806e-05,0.458981420558878,86.4330542351831,-9.64574166666667,2.66180416666667,0.783758083333333,193.59285,147.547275121029,662.9976375,0.5015,0.5015,0.821176466243089,0,0,-4.71576743892806e-05,0,-4.71576743892806e-05,188.195629710725
10-Nov-2022,0,0.00900386596659541,0.427238143168335,86.4435134518688,-11.3331,3.55314166666667,0.351205791666667,146.624333333333,154.39237313802,664.3041125,0,0,0.80057310014352,0,0,0.00900386596659541,0,0.00900386596659541,202.147522860187
11-Nov-2022,0,0.0137205628629979,0.406202974579939,86.2856390035175,-10.9936333333333,2.8136875,0.460652958333333,225.1304625,77.1585158356558,664.941725,0.513,0.513,0.832986242406533,0,0,0.0137205628629979,0,0.0137205628629979,212.183387705191
12-Nov-2022,0,-0.00114898080208253,0.393371151599617,86.4967928462475,-11.55105,2.91060416666667,0.700541833333333,194.849308333333,126.585518617741,664.771683333333,0,0,0.678891049962844,0,0,-0.00114898080208253,0,-0.00114898080208253,219.636962122043
13-Nov-2022,0,0.00399047792665329,0.384892892745145,86.7510013376018,-10.8382,2.998575,0.682279458333333,242.446,85.7131240643052,660.5358625,1.392,1.392,0.739577193881524,0,0,0.00399047792665329,0,0.00398999148180047,225.119225337482
14-Nov-2022,0,-0.000878010411226605,0.38937810427852,88.516057717452,-9.48529583333333,2.2139125,0.883870458333333,227.384295833333,119.437000435543,660.442066666667,0.7781,0.7781,0.725732474119874,0,0,-0.000878010411226605,0,-0.000878844316688593,227.057015461287
15-Nov-2022,0,0.00159480841074759,0.382648060176371,88.5953609364945,-11.0110041666667,3.05250416666667,0.631083791666667,192.928279166667,130.513921176141,660.319708333333,0,0,0.701808108566474,0,0,0.00159480841074759,0,0.0015939745052856,231.256579786561
16-Nov-2022,0,0.000759881021886673,0.386156824126031,89.8125893582271,-10.3651708333333,2.41389166666667,0.650211583333333,231.167425,87.7450465179854,660.193854166667,4.8155,4.8155,0.750960621851619,0,0,0.000759881021886673,0,0.000759047116424685,232.361515596279
17-Nov-2022,0,0.00953644812930152,0.40521111136662,93.4356381925842,-10.4596083333333,3.663425,0.622710375,214.458725,124.519786002692,663.832279166667,0.1435,0.1435,0.800103526676387,0,0,0.00953644812930152,0,0.00953561422383953,230.313824564786
18-Nov-2022,0,0.0124827228883103,0.40134589302321,93.7608378138178,-7.16564166666667,1.862675,0.557034208333333,286.189770833333,50.430052523104,662.176375,2.9431,2.9431,0.789440048100501,0,0,0.0124827228883103,0,0.0124818889828483,233.335846003475
19-Nov-2022,0,0.00239191112016346,0.481555587584968,106.829042905929,-6.02980416666667,1.60787916666667,0.948957375,284.915829166667,61.516970345755,662.522004166667,14.0126,14.0126,0.85,0,0,0.00239191112016346,0,0.00239107721470147,221.678713559387
20-Nov-2022,0,0.000171134246111361,0.484576385306937,109.871968942892,-10.0390041666667,2.82170416666667,0.77853125,206.039458333333,115.879038752322,664.533441666667,0,0,0.833353674197425,0,0,0.000171134246111361,0,0.000170300340649372,226.484040669019
21-Nov-2022,0,0.000933845448194156,0.471024783815587,109.889944081332,-10.8892625,2.944275,0.49544675,179.7529,130.259810451525,664.1878,0,0,0.800024886432611,0,0,0.000933845448194156,0,0.000933262527186533,233.028361741388
22-Nov-2022,0,0.00938539705476914,0.460692192809661,109.750242232492,-10.0248333333333,3.06413333333333,0.428977916666667,219.660829166667,104.154285182842,665.918995833333,0,0,0.845532584979859,0,0,0.00938539705476914,0,0.00938518798850868,237.947063062674
23-Nov-2022,0,0.0174771937904096,0.452270350587785,109.411415564817,-8.42905833333333,3.50965416666667,0.493901791666667,230.786545833333,94.2544149152733,666.971745833333,0,0,0.85,0,0,0.0174771937904096,0,0.0174769877114835,241.626989305219
24-Nov-2022,0,0.0235216328270681,0.445177749470118,108.913871430541,-7.85065416666667,4.15879583333333,0.473372958333333,210.742879166667,109.063150452215,666.378729166667,0,0,0.82514259973833,0,0,0.0235216328270681,0,0.023521429642108,244.35870681731
25-Nov-2022,0,0.0279752597265785,0.439011044450607,108.286759424782,-7.5967375,3.82449166666667,0.370660958333333,211.6485,98.953391809602,665.2410125,0,0,0.845178425768191,0,0,0.0279752597265785,0,0.0279750593466386,246.36336617329
26-Nov-2022,0,0.0196456657339285,0.434171548827267,107.694193175505,-8.12105833333333,3.06780416666667,0.496816833333333,246.602683333333,49.6645455098815,664.9316375,0.1173,0.1173,0.843453163013697,0,0,0.0196456657339285,0,0.0196454680742071,247.745058348677
27-Nov-2022,0,0.000958823286131111,0.432114837044955,107.617485958476,-11.3678625,4.8523875,0.812317875,199.930479166667,106.521712143949,663.357279166667,0,0,0.782261271555353,0,0,0.000958823286131111,0,0.000958628265713918,248.746677918292
28-Nov-2022,0,0.00558910329924909,0.430574881805586,107.567702845271,-10.6086375,4.24670833333333,0.629320708333333,233.3106125,86.6381501697539,662.322879166667,0.3325,0.3325,0.82494161192956,0,0,0.00558910329924909,0,0.0055889108408726,249.520708267482
29-Nov-2022,0,-0.000236023604600945,0.448495732835154,110.50786119641,-7.620775,1.53367916666667,0.83759375,266.008183333333,57.8275518277336,664.388416666667,3.5434,3.5434,0.83590905411399,0,0,-0.000236023604600945,0,-0.00023621357476863,246.113764983687
30-Nov-2022,0,-0.000393888850721263,0.450319745405683,111.333478350797,-9.21880416666667,2.5736375,0.798852541666667,213.354295833333,99.3272542984732,664.377425,0,0,0.801234704711539,0,0,-0.000393888850721263,0,-0.000394076403283117,246.933447412662
01-Dec-2022,-0,-0.00231626538871108,0.452244603721259,112.09383180782,-8.40002083333333,1.66502083333333,0.834499875,269.826991666667,55.7851472556359,662.893654166667,2.7833,2.7833,0.774730297386005,0,0,-0.00231626538871108,0,-0.00231645059122896,247.56932677164
02-Dec-2022,0,0.00501611080159962,0.552739350019502,127.958265411956,-6.6997375,2.04645833333333,0.941165333333334,307.853429166667,33.83713582003,660.072104166667,27.4776,27.4776,0.85,0,0,0.00501611080159962,0,0.00501592788443066,231.767671413344
03-Dec-2022,0,0.00325858632554728,0.642255665130419,144.355658975873,-7.48097083333333,1.586425,0.92774,271.636466666667,63.0472444889922,660.216758333333,4.2251,4.2251,0.85,0,0,0.00325858632554728,0,0.00325840563173713,224.496355141748
04-Dec-2022,0,0.00183614021247828,0.644356547476619,148.46036521398,-7.67315416666667,1.81819166666667,0.935406583333333,286.091391666667,37.4055464829079,660.53545,6.0252,6.0252,0.83556997572001,0,0,0.00183614021247828,0,0.00183596168259117,230.114640375588
05-Dec-2022,0,0.00722874899775491,0.722327440721602,163.24064414245,-8.35175833333333,2.55602916666667,0.925662625,285.622145833333,33.1060634658745,659.8671125,20.9111,20.9111,0.85,0,0,0.00722874899775491,0,0.00722857257476931,225.863769028
06-Dec-2022,0,0.00385135636081736,0.775994344261245,175.762700233538,-8.98839166666667,2.06170416666667,0.908643208333333,268.195620833333,40.4328031631953,660.521520833333,5.6402,5.6402,0.85,0,0,0.00385135636081736,0,0.00385118198999538,226.223211963914
07-Dec-2022,0,0.00146486570616719,0.779238186300913,181.153332906008,-8.20701666666667,1.5775625,0.915153916666667,284.459633333333,41.2019930913488,660.150891666667,8.1659,8.1659,0.849784912559009,0,0,0.00146486570616719,0,0.00146469333493275,232.187459471653
08-Dec-2022,0,0.00768162224693385,0.8266097538652,192.620284584006,-8.51778333333334,2.94021666666667,0.882606333333333,275.365475,42.042388959094,658.9897875,11.836,11.836,0.85,0,0,0.00768162224693385,0,0.00768145182475891,232.736910534312
09-Dec-2022,0,0.00596697978616842,0.840397643696988,199.39699933424,-10.2591333333333,3.37269166666667,0.855343791666667,251.187541666667,52.6184794837467,659.078879166667,2.3549,2.3549,0.85,0,0,0.00596697978616842,0,0.00596681126446674,236.990892602615
10-Dec-2022,0,-0.000251912946922481,0.816122572220963,199.952721248462,-13.8371,2.77605416666667,0.834886333333333,195.344079166667,101.504439932158,659.993320833334,0,0,0.815940851499165,0,0,-0.000251912946922481,0,-0.000252079614894877,244.724081058068
11-Dec-2022,0,-0.00110474755768021,0.795798383692002,200.029490906527,-12.2390083333333,2.62802916666667,0.623001791666667,224.7292375,72.123335447222,661.580408333333,0.1978,0.1978,0.849976050879658,0,0,-0.00110474755768021,0,-0.00110491241691811,251.061547079047
12-Dec-2022,0,0.00073300536630458,0.782269029244826,200.297270950974,-11.216375,2.7805,0.671968166666667,235.6473125,68.9914168050946,660.2841375,0.4544,0.4544,0.798362052898904,0,0,0.00073300536630458,0,0.000732842272468286,255.740888239208
13-Dec-2022,0,0.00270446017145961,0.773646422488542,200.735333442578,-11.4027875,2.73509166666667,0.638072166666667,213.149383333333,94.124286509492,662.227208333333,0.1374,0.1374,0.672586696711899,0,0,0.00270446017145961,0,0.00270429880127208,259.155816387264
14-Dec-2022,0,0.00202554011661229,0.76487229659533,200.738337245506,-11.5797958333333,2.703025,0.568839958333333,235.547916666667,76.4843058344125,664.1074,0.3707,0.3707,0.676668857972989,0,0,0.00202554011661229,0,0.0020253804298239,262.130246117734
15-Dec-2022,0,0.00147591545839219,0.761253436012602,201.238151334351,-9.4741125,2.57570833333333,0.702544958333333,237.722195833333,81.9109248386002,665.475991666667,0.2341,0.2341,0.648141527297064,0,0,0.00147591545839219,0,0.00147575741618432,264.031949943795
16-Dec-2022,0,0.00698664873916982,0.755585894368374,201.18424024064,-12.707075,4.70590833333333,0.624904208333333,185.570883333333,105.456401143439,663.793395833333,0,0,0.556022176968537,0,0,0.00698664873916982,0,0.00698649230408699,265.940701359158
17-Dec-2022,0,0.0198635234756014,0.750022148433481,200.80340906213,-12.5162291666667,5.10869166666667,0.274699666666667,168.321658333333,108.813678072686,663.255708333333,0,0,0.534723033245291,0,0,0.0198635234756014,0,0.0198633686114874,267.406093066264
18-Dec-2022,0,0.0137579910410887,0.745491567487377,200.400016264735,-12.3065083333333,4.09391666666667,0.337984916666667,220.053716666667,76.726516253269,662.921425,0.1042,0.1042,0.625669935970836,0,0,0.0137579910410887,0,0.0137578377130264,268.490299774754
19-Dec-2022,0,0.00387295375578139,0.743019693613782,200.314545752806,-11.72645,2.98075416666667,0.649253833333333,229.7499875,77.3213729661222,661.020254166667,0.0523,0.0523,0.616804986219302,0,0,0.00387295375578139,0,0.00387280193003608,269.268487298676
20-Dec-2022,0,0.00351246117561286,0.742375743492477,200.470523034001,-12.1018958333333,2.68555833333333,0.640050166666667,223.034329166667,95.2735798210208,660.130829166667,0.2205,0.2205,0.599281243086086,0,0,0.00351246117561286,0,0.00351231081957884,269.711839247734
21-Dec-2022,0,0.000407694670465016,0.740729895951202,200.440392449141,-13.5669041666667,2.60194166666667,0.74391425,207.448470833333,92.8842226962563,661.062433333333,0,0,0.580938928665131,0,0,0.000407694670465016,0,0.000407545752615076,270.270461219918
22-Dec-2022,0,-0.000158909334553962,0.739542608277749,200.446488394474,-14.0994916666667,3.20502916666667,0.649934458333333,179.1764375,104.536006728651,659.326108333333,0,0,0.505836715002902,0,0,-0.000158909334553962,0,-0.000159056844716141,270.712564115541
23-Dec-2022,0,0.00155714986468395,0.738544550520713,200.426791492362,-14.9007791666667,3.61314166666667,0.507615666666667,157.626195833333,111.96459736458,658.685966666667,0,0,0.482117197337793,0,0,0.00155714986468395,0,0.00155700373269907,271.051749194274
24-Dec-2022,0,0.00386029891479496,0.737618571173476,200.366912232401,-15.4437958333333,4.33047916666667,0.411697541666667,144.397004166667,112.57318975716,659.347654166667,0,0,0.47405441436336,0,0,0.00386029891479496,0,0.0038601541324202,271.31092928977
25-Dec-2022,0,0.012753750796227,0.736356678711044,200.168274658508,-15.8566708333333,5.48655,0.287945625,136.5513625,116.554469863643,658.079425,0,0,0.465970845756116,0,0,0.012753750796227,0,0.0127536073357982,271.506449553849
26-Dec-2022,0,0.0142876142188617,0.734724586376731,199.828840915669,-14.98575,4.49357083333333,0.245544625,192.8242,96.0337299437123,659.787154166667,0,0,0.559356612747394,0,0,0.0142876142188617,0,0.0142874720535795,271.64812773453
27-Dec-2022,0,0.00803561637732026,0.733463992712362,199.558942985327,-13.8953875,3.99,0.506391958333333,207.4517,102.683318970956,660.680525,0,0,0.502451050321406,0,0,0.00803561637732026,0,0.00803547548121417,271.747462003875
28-Dec-2022,0,0.00450564609338286,0.732933697099246,199.4381265954,-12.0931,2.46271666666667,0.547231166666667,237.203216666667,88.8691909967723,660.311695833333,0.2858,0.2858,0.546857485217878,0,0,0.00450564609338286,0,0.00450550644127675,271.779473413696
29-Dec-2022,0,0.00197769659654973,0.736221489963414,199.965556176698,-11.0482041666667,2.10166666666667,0.668948208333333,244.6596875,69.7005759204896,659.548858333333,1.1492,1.1492,0.592565645057364,0,0,0.00197769659654973,0,0.00197755816402952,271.281925587937
30-Dec-2022,-0,-0.00114476565043216,0.742296372475426,201.056022094061,-12.2515875,1.86022916666667,0.890973375,212.717541666667,104.920816558092,663.360083333333,0.3105,0.3105,0.659290092073531,0,0,-0.00114476565043216,0,-0.00114490288704937,270.528417282302
31-Dec-2022,0,-0.000330396671864562,0.741358254741452,201.088241391477,-13.4773666666667,1.88032083333333,0.7301825,209.9937125,70.9680030979347,662.8137375,0,0,0.720650342161267,0,0,-0.000330396671864562,0,-0.000330532735559812,270.9141548755
01-Jan-2023,0,-0.00100123191680747,0.740607644815881,201.11564753424,-17.3269875,2.90554583333333,0.66119525,151.174370833333,109.781470605193,661.694904166667,0,0,0.618809460164633,0,0,-0.00100123191680747,0,-0.00100136682988772,271.225670318364
02-Jan-2023,0,0.00214724613758142,0.739839272777338,201.084208764889,-16.2278208333333,2.5816875,0.331736916666667,170.930933333333,88.4303514895264,661.57495,0,0,0.680508581299711,0,0,0.00214724613758142,0,0.00214711235345687,271.464910718422
03-Jan-2023,0,0.000794392055189151,0.73977668060954,201.137779212373,-15.7840833333333,2.2337125,0.487206625,200.3895875,86.0697977099445,662.956029166667,0.5201,0.5201,0.69571092930837,0,0,0.000794392055189151,0,0.000794259378983471,271.560340940437
04-Jan-2023,-0,-0.00216545286631322,0.747198537803804,202.40750666038,-12.4756791666667,1.926925,0.788607708333333,214.65295,89.1394821044919,665.471720833334,0.9511,0.9511,0.693665038824885,0,0,-0.00216545286631322,0,-0.00216558445503831,270.560350307301
05-Jan-2023,0,0.00226599548455488,0.746883604828079,202.561111096846,-12.4369416666667,3.431975,0.40898175,173.6270375,110.25171494245,663.696991666667,0,0,0.644819385233808,0,0,0.00226599548455488,0,0.0022658649634479,270.87961858594
06-Jan-2023,0,0.00219396802539638,0.747186876901174,202.730178067974,-9.99171666666667,1.89023333333333,0.487183708333333,249.8905625,66.8664340561848,662.229154166667,1.1042,1.1042,0.7302040206584,0,0,0.00219396802539638,0,0.00219383855259909,270.99632245936
07-Jan-2023,-0,-0.00252873486751691,0.759977487790167,205.005144560321,-8.59475416666667,1.785925,0.873021708333333,257.832770833333,68.4959295221348,661.204279166667,2.3926,2.3926,0.807184646520688,0,0,-0.00252873486751691,0,-0.00252886331077952,269.426470931264
08-Jan-2023,0,-0.000486185497391388,0.773757269863868,207.648595790452,-8.98830833333333,1.45854166666667,0.881634375,264.7228875,57.557341466528,659.031879166667,5.3393,5.3393,0.787269951980137,0,0,-0.000486185497391388,0,-0.000486312929380672,268.052220124906
09-Jan-2023,-0,-0.00163643244623413,0.817642030269508,215.508069292127,-9.0458625,1.60924583333333,0.912178208333333,231.945183333333,92.3446082291371,660.4296625,4.8306,4.8306,0.837095883115656,0,0,-0.00163643244623413,0,-0.00163655888471656,263.25796485614
10-Jan-2023,-0,-0.00232047083192781,0.822891532488664,217.60818636979,-11.0073916666667,1.84000833333333,0.903199666666667,255.3533875,62.6324304382844,657.555091666667,4.5106,4.5106,0.770350984355202,0,0,-0.00232047083192781,0,-0.00232059629419293,264.128175977
11-Jan-2023,0,0.0130058801864806,0.85656650918442,224.161724764968,-13.3387458333333,6.24913333333333,0.91431075,258.744408333333,47.1972558413433,652.9446125,5.032,5.032,0.85,0,0,0.0130058801864806,0,0.013005755683603,261.383395195006
12-Jan-2023,0,0.0017965524373851,0.856460686768425,225.677334620945,-20.0375791666667,1.99953333333333,0.790488875,152.6340375,115.569014488955,653.811579166667,0.1858,0.1858,0.788779635721065,0,0,0.0017965524373851,0,0.00179642887750873,263.183488263594
13-Jan-2023,-0,-0.000367218235229526,0.847680072835614,225.680252934485,-21.8609166666667,1.53992916666667,0.597289791666667,142.341425,107.233518234575,654.513875,0,0,0.78635499800656,0,0,-0.000367218235229526,0,-0.000367340868063267,265.911776775504
14-Jan-2023,0,-0.000501390637469178,0.84109751934768,225.696726370926,-23.1177708333333,2.97058333333333,0.465561833333333,130,123.888877034474,656.314645833333,0,0,0.772892494708503,0,0,-0.000501390637469178,0,-0.000501512358806034,268.011652630957
15-Jan-2023,0,0.00297746589889157,0.83590889814331,225.657145874886,-25.0943916666667,3.83477083333333,0.262188541666667,130,126.191226828447,656.0541375,0,0,0.765623010023454,0,0,0.00297746589889157,0,0.00297734507390437,269.62755382648
16-Jan-2023,0,0.00665871904668296,0.831641896829275,225.539405101814,-25.1745125,5.01767083333333,0.187644791666667,130,127.899957942994,656.0873125,0,0,0.758346284255448,0,0,0.00665871904668296,0,0.00665859910328305,270.869326907501
17-Jan-2023,0,0.00799489806725331,0.828056341461706,225.356449061,-23.5750875,5.28195,0.202276583333333,130,127.992571121732,657.4881625,0,0,0.751062677571096,0,0,0.00799489806725331,0,0.00799477899105005,271.821379543306
18-Jan-2023,0,0.011706786368014,0.825005252062137,225.127502518452,-20.6211333333333,5.7046125,0.189396833333333,145.861908333333,127.302013011057,657.5023375,0,0,0.747403986692117,0,0,0.011706786368014,0,0.011706668144976,272.549395499229
19-Jan-2023,0,0.007097519726177,0.822415787811384,224.877326919098,-16.9495041666667,3.51908333333333,0.310702,198.9246125,117.528446111032,657.717129166667,0,0,0.810945278766046,0,0,0.007097519726177,0,0.00709740234262004,273.103631112812
20-Jan-2023,0,0.000776882978810846,0.820852035729272,224.797103709885,-17.407675,3.10752916666667,0.524961416666667,158.760704166667,129.056107148659,657.387816666667,0,0,0.723523075923588,0,0,0.000776882978810846,0,0.000776766421386386,273.526235117278
21-Jan-2023,0,0.00033692570357453,0.819883647519802,224.798328148201,-17.7885666666667,3.5215,0.453827875,149.6874125,133.85201239891,656.983108333333,0,0,0.715063623185144,0,0,0.00033692570357453,0,0.000336809959258713,273.850778854493
22-Jan-2023,0,0.00137981182525483,0.819032959440451,224.769657768165,-16.5086833333333,2.95489583333333,0.400554041666667,185.227966666667,100.59209279973,655.985054166667,0,0,0.800357618834639,0,0,0.00137981182525483,0,0.00137969688133787,274.100242580678
23-Jan-2023,0,0.000263522546065344,0.818396104178936,224.751665544179,-15.5544375,2.39343333333333,0.491024458333333,186.4169375,117.00580134032,656.560516666667,0,0,0.749972986997591,0,0,0.000263522546065344,0,0.00026340839014139,274.291574551535
24-Jan-2023,0,-0.000269702760742637,0.817993493225977,224.761625255229,-16.7234541666667,2.37695,0.464335666666667,158.969133333333,141.059936687377,655.131495833333,0,0,0.689640225889958,0,0,-0.000269702760742637,0,-0.000269816140785243,274.43873598353
25-Jan-2023,-0,-0.000618057214664119,0.818558937548253,224.90466886232,-15.3223,1.64751666666667,0.621781708333333,214.891741666667,94.2081941750456,655.526008333333,0.4238,0.4238,0.775421703191282,0,0,-0.000618057214664119,0,-0.000618169830652197,274.423910876818
26-Jan-2023,-0,-0.00194243291065909,0.820069773533131,225.228797837682,-16.0349958333333,2.71075416666667,0.577672291666667,151.256945833333,146.007334650319,658.581733333333,0,0,0.627326808530843,0,0,-0.00194243291065909,0,-0.00194254477414358,274.312887984118
27-Jan-2023,0,0.00189071531011126,0.819602216938551,225.226323944583,-16.3477291666667,3.27035,0.345327416666667,147.0147,153.584515190446,659.713775,0,0,0.618828194917487,0,0,0.00189071531011126,0,0.00189060418784664,274.466360647358
28-Jan-2023,0,0.00254891368304046,0.820062806383743,225.32002306052,-14.1826333333333,2.87097083333333,0.447688666666667,220.4851375,96.2285021970252,658.166570833333,0.9636,0.9636,0.709995955613653,0,0,0.00254891368304046,0,0.00254880329097094,274.42678624005
29-Jan-2023,-0,-0.000949370685632883,0.843521625185177,229.171044197911,-10.839825,1.2335375,0.889001708333333,266.467545833333,55.64611870234,654.866841666667,6.85,6.85,0.826691933317998,0,0,-0.000949370685632883,0,-0.000949480358281062,271.379057227419
30-Jan-2023,0,-8.0487061602228e-06,0.884020100229804,236.251977559735,-11.2165625,1.476875,0.844014333333333,245.0092375,89.7515122287394,655.7934625,5.6403,5.6403,0.85,0,0,-8.0487061602228e-06,0,-8.15766991750273e-06,266.929454527253
31-Jan-2023,0,-0.000416865838310912,0.89682300896657,239.481998754304,-11.8248625,1.418275,0.846825208333333,231.040491666667,82.2115070627418,658.958808333333,1.3945,1.3945,0.828130044740583,0,0,-0.000416865838310912,0,-0.000416974103471785,266.709947664057
01-Feb-2023,0,0.000843731838823365,0.895512204603494,240.468343815971,-11.0188541666667,2.180125,0.743916291666667,255.5454,81.9218118280058,658.924416666667,1.0796,1.0796,0.702307030537683,0,0,0.000843731838823365,0,0.000843624262193285,268.200368197494
02-Feb-2023,-0,-0.00139841665748116,0.903041577104625,242.751703469546,-8.12137083333333,1.98114583333333,0.875342375,267.026708333333,84.6837083820689,658,4.0099,4.0099,0.776294059298397,0,0,-0.00139841665748116,0,-0.00139852355542402,268.491961659813
03-Feb-2023,0,-0.00107392619852467,0.934930731435037,249.093063052374,-8.13736666666667,1.67663333333333,0.914650041666667,268.001595833333,94.1169338286743,657.620870833333,8.4164,8.4164,0.85,0,0,-0.00107392619852467,0,-0.0010740324274084,266.117725602051
04-Feb-2023,0,-0.000273390734274311,0.955953762888537,254.153406675277,-11.2254833333333,2.35550833333333,0.822695125,191.3796375,160.151237361775,659.470741666667,0.5985,0.5985,0.808357231436128,0,0,-0.000273390734274311,0,-0.000273496303517833,265.54408772524
05-Feb-2023,0,0.00124172402738372,0.94666754282425,254.228288019032,-13.1709,2.51560416666667,0.652933208333333,227.084775,124.084973579552,656.430320833333,0.2838,0.2838,0.841882521572122,0,0,0.00124172402738372,0,0.00124161910856452,268.226554615924
06-Feb-2023,0,0.000354804196539159,0.951197161332507,256.145255436136,-11.6109583333333,2.12416666666667,0.821776208333333,250.953170833333,87.8433787499562,657.121216666667,2.469,2.469,0.787822995677627,0,0,0.000354804196539159,0,0.000354699919125595,268.961007277413
07-Feb-2023,0,0.00133672997379259,0.948553279376085,256.88204224249,-14.8525791666667,3.43178333333333,0.667491,150.577125,178.574025704268,659.304795833333,0,0,0.708680403069739,0,0,0.00133672997379259,0,0.00133662632895749,270.487319796033
08-Feb-2023,0,0.0056015975140747,0.943033386568135,256.874624865715,-12.8957,2.97541666666667,0.408819375,227.037558333333,127.577701049973,655.4841375,0.5928,0.5928,0.803233562270198,0,0,0.0056015975140747,0,0.005601494493177,272.061860145655
09-Feb-2023,0,0.00149668066365658,0.96566964336863,261.199419715245,-11.3195916666667,3.05172083333333,0.821199291666667,264.322716666667,75.0481359382949,650.8873875,8.7698,8.7698,0.837078331635895,0,0,0.00149668066365658,0,0.00149657825823599,270.179008910373
10-Feb-2023,0,0.0134111030917467,0.994721828994036,267.001273776898,-13.6728583333333,4.43754583333333,0.848626625,246.1300875,99.2597243370495,653.387945833333,1.7115,1.7115,0.85,0,0,0.0134111030917467,0,0.0134110012935187,268.092765627888
11-Feb-2023,0,0.00473424278093583,0.990714634600746,267.685319170453,-16.9165583333333,2.29549166666667,0.78259625,185.799266666667,155.385268691844,657.182108333333,0.331,0.331,0.710886460727638,0,0,0.00473424278093583,0,0.00473414158178668,269.868014359378
12-Feb-2023,0,9.35584101823704e-05,0.983389255142239,267.662841885654,-18.3095791666667,2.74715833333333,0.62612625,141.028016666667,192.089860046853,660.104058333333,0,0,0.645938241315878,0,0,9.35584101823704e-05,0,9.34578021644973e-05,271.854935219607
13-Feb-2023,0,0.00117046743278357,0.982222426099615,268.337875680763,-13.2356541666667,2.30728333333333,0.601004625,248.202254166667,96.4756448886108,658.7213,2.1266,2.1266,0.690573324262459,0,0,0.00117046743278357,0,0.00117036740811093,272.863837633009
14-Feb-2023,0,0.000639591709317372,1.00395571143804,272.69189455076,-9.1546625,2.3626625,0.869697625,288.154404166667,87.180658064091,660.3731875,5.6268,5.6268,0.848727256913222,0,0,0.000639591709317372,0,0.000639492260361076,271.293129013074
15-Feb-2023,0,0.00715132135320128,1.03563795124367,279.153774295215,-5.89810416666667,3.48764583333333,0.9000895,306.969525,85.3665880327901,659.733916666667,8.6434,8.6434,0.85,0,0,0.00715132135320128,0,0.00715122247248531,269.229586221674
16-Feb-2023,0,0.00709433302271826,1.08308821450744,289.164664016915,-2.40294166666667,2.74479583333333,0.954540416666667,329.252725,85.8299226208782,660.508391666667,11.246,11.246,0.85,0,0,0.00709433302271826,0,0.00709423470291538,266.66284411272
17-Feb-2023,0,0.0104008831885708,1.1160274264722,300.125606314318,-1.30970416666667,2.99233333333333,0.966465458333333,319.897245833333,96.2159981510679,662.180508333333,10.66,10.66,0.85,0.039144671074075,0,0.00794957278626449,0,0.0104007854224986,268.62556602674
18-Feb-2023,0,0.0197451638693019,1.13702532106037,308.923350631513,-4.54501666666667,4.45264583333333,0.90255575,287.946241666667,92.6475871351584,661.946766666667,7.7586,7.7586,0.85,0,0,0.0197451638693019,0,0.0197450666499188,271.36887431209
19-Feb-2023,0,0.000340883096705854,1.14463297362519,311.90699865415,-7.94765,1.53603333333333,0.77227975,207.61605,185.401533244522,660.405075,0.7313,0.7313,0.79799574262483,0,0,0.000340883096705854,0,0.000340786417107748,272.165751848757
20-Feb-2023,0,0.00119883342528702,1.13859502817438,312.379613000645,-11.7315875,2.38771666666667,0.808992958333333,187.657991666667,198.257309108621,660.1810875,0,0,0.61904036791962,0,0,0.00119883342528702,0,0.00119873727870328,274.023796311091
21-Feb-2023,0,0.00393077992994565,1.1314262589266,312.332199702011,-11.8004458333333,2.89019166666667,0.624144208333333,184.13335,204.390916113002,660.544425,0,0,0.609739348458165,0,0,0.00393077992994565,0,0.00393068430973589,275.717724160921
22-Feb-2023,0,0.00872085251878699,1.12529992627419,312.117221580124,-10.9889583333333,3.53680833333333,0.464355458333333,197.729329166667,182.300701570982,659.2112125,0,0,0.673769088773392,0,0,0.00872085251878699,0,0.00872075741843764,277.027723467288
23-Feb-2023,0,0.00571736809790981,1.12082776283642,312.012832863638,-9.81895833333333,3.21498333333333,0.5129775,179.125083333333,212.035660539531,661.6083125,0,0,0.58554782427944,0,0,0.00571736809790981,0,0.00571727351103088,278.03986377463
24-Feb-2023,0,0.0137134443411962,1.11657384527897,311.698819476988,-9.4188375,3.51995833333333,0.34328075,209.576325,188.585066008246,662.001916666667,0.1062,0.1062,0.664978764566588,0,0,0.0137134443411962,0,0.0137133502615181,278.818171129173
25-Feb-2023,0,0.00193335494983396,1.12536039761405,313.529100572131,-7.9029125,2.49580833333333,0.838177875,289.2476375,98.4275424450203,662.784125,3.3573,3.3573,0.776422701044707,0,0,0.00193335494983396,0,0.00193326137120452,278.267445596631
26-Feb-2023,0,0.00413634317964615,1.13605660736208,315.907712295235,-7.81854583333333,1.99671666666667,0.878969625,242.0591125,142.890360448791,664.626791666667,1.4105,1.4105,0.786667463269784,0,0,0.00413634317964615,0,0.00413625009602758,277.736748750571
27-Feb-2023,0,0.00533958928928845,1.13457115012135,316.25785924515,-13.0768958333333,3.5291625,0.714855333333333,169.790133333333,219.576585969879,665.460204166667,0,0,0.677807041135398,0,0,0.00533958928928845,0,0.00533949669475456,278.40886232257
28-Feb-2023,0,0.0117569795147943,1.1307435372058,316.040846990862,-13.2735583333333,3.98850833333333,0.307566958333333,148.504004166667,231.997523128411,664.37355,0,0,0.662515928726005,0,0,0.0117569795147943,0,0.0117568874035276,279.159526349261
01-Mar-2023,0,0.0146318377242642,1.12728244747287,315.725940948049,-10.7024916666667,4.90055,0.295506875,162.457525,222.69688346997,663.905025,0,0,0.65376940308026,0,0,0.0146318377242642,0,0.0146317460905535,279.737562538715
02-Mar-2023,0,0.0156683188348016,1.12411357167341,315.337373764135,-10.0837916666667,4.81900833333333,0.352983333333333,170.230195833333,223.747344090709,664.244279166667,0,0,0.645032843347462,0,0,0.0156683188348016,0,0.0156682276730392,280.180856394479
03-Mar-2023,0,0.0115396466762349,1.12163805042859,315.023554549084,-9.58919166666667,4.57245833333333,0.4660315,180.9971375,220.815738777951,665.2358875,0,0,0.638684152828041,0,0,0.0115396466762349,0,0.011539555980914,280.519752549862
04-Mar-2023,0,0.00712370573057824,1.11994409656163,314.838645618881,-10.4017791666667,5.19088333333333,0.603341291666667,191.222904166667,212.354675354612,665.036358333333,0,0,0.646800376214789,0,0,0.00712370573057824,0,0.00712361549629051,280.779122883802
05-Mar-2023,0,0.0113033235339002,1.11817190188866,314.562318606406,-8.81062083333333,4.30191666666667,0.498596666666667,192.824108333333,211.071160295963,665.8955625,0,0,0.642018636072444,0,0,0.0113033235339002,0,0.0113032337553337,280.977301982027
06-Mar-2023,0,0.00861800606358075,1.11721874211004,314.401635716648,-8.844675,3.88269583333333,0.645284541666667,241.488741666667,162.713052313914,664.577775,0.3085,0.3085,0.70565743116702,0,0,0.00861800606358075,0,0.0086179167355173,281.073366367087
07-Mar-2023,0,0.0126600367024695,1.11738104532553,314.468077698146,-7.47593333333333,4.36905,0.584353666666667,184.94725,228.606317985838,666.451983333333,0,0,0.566162519551602,0,0,0.0126600367024695,0,0.0126599478197826,281.091929661558
08-Mar-2023,0,0.0208432506257186,1.11502828912902,313.941629503878,-6.05204583333333,3.70727083333333,0.299963541666667,210.611620833333,210.083270602844,667.211241666667,0,0,0.592733560045815,0,0,0.0208432506257186,0,0.0208431621833713,281.213478033067
09-Mar-2023,0,0.0142068401024078,1.11361523466842,313.582397282637,-5.3306125,3.02295,0.541400375,256.8621125,154.173647272054,666.629166666667,0.5144,0.5144,0.640940657688924,0,0,0.0142068401024078,0,0.0142067520954506,281.248154786416
10-Mar-2023,0,0.00839073182875178,1.11728750794447,314.259831668889,-3.474575,2.79407916666667,0.769496208333334,242.4118375,225.882982920566,667.313904166667,0.4186,0.4186,0.585979146302406,0.00202099542054382,0,0.00827970428049554,0,0.00839064425232034,280.929307512744
11-Mar-2023,0,0.0141257326140457,1.11569807210668,313.97171342064,-4.73485833333333,4.948625,0.683433083333334,216.625791666667,241.157773084591,666.2601125,0,0,0.559995104848023,0,0,0.0141257326140457,0,0.0141256454633592,281.071589382989
12-Mar-2023,0,0.00973940475693579,1.11990926679885,314.669134933996,-4.5948125,2.932325,0.675754541666667,251.506508333333,130.681553945032,664.585533333333,3.1119,3.1119,0.649567321443122,0,0,0.00973940475693579,0,0.00973931802729487,280.640341133451
13-Mar-2023,0,0.000155263255752247,1.12962828469035,316.682386483435,-5.84273333333333,2.73998333333333,0.72775225,195.660879166667,246.86818850596,665.4250625,0,0,0.724464904192594,0,0,0.000155263255752247,0,0.000155176942537105,280.002256253626
14-Mar-2023,0,0.00840766752248653,1.12741529152241,316.509792038977,-5.53279166666667,3.45679583333333,0.485785291666667,202.698033333333,230.657378618734,664.718791666667,0,0,0.749707226085471,0,0,0.00840766752248653,0,0.00840758162115517,280.398958136434
15-Mar-2023,0,0.00620243826489699,1.12559370781811,316.342077838706,-6.85170416666667,3.90487916666667,0.536204541666667,185.294683333333,258.638397803154,664.062995833333,0,0,0.694144904369849,0,0,0.00620243826489699,0,0.00620235277098344,280.703894915228
16-Mar-2023,0,0.00706479257031463,1.12448642958843,316.254847710878,-6.76069583333333,3.7324,0.502450041666667,179.558795833333,262.915955308557,662.7173125,0.063,0.063,0.683134916501738,0,0,0.00706479257031463,0,0.00706470747942723,280.902815709429
17-Mar-2023,0,0.0130928881222006,1.12285396582101,316.006920356445,-6.9343875,4.17335833333333,0.36900325,173.33265,269.035173308841,661.2108125,0,0,0.67468125088108,0,0,0.0130928881222006,0,0.0130928034300203,281.090671265467
18-Mar-2023,0,0.00826404720977827,1.12780807719066,316.8561607218,-6.35335416666667,3.0019625,0.582699916666667,260.987241666667,158.120931792639,660.012320833333,3.8856,3.8856,0.712333625816138,0,0,0.00826404720977827,0,0.00826396291205719,280.611782684558
19-Mar-2023,0,0.00145533770833476,1.1478329917412,320.612337869383,-5.1710125,1.997825,0.841322125,263.16135,171.908449135259,659.965391666667,1.3811,1.3811,0.845719965709615,0,0,0.00145533770833476,0,0.00145525380089435,278.981021726095
20-Mar-2023,0,0.00130545042417668,1.14661699272293,320.89231407502,-6.24895,2.0604125,0.798879791666666,247.693666666667,178.796109486932,658.276858333333,0,0,0.803401525535096,0,0,0.00130545042417668,0,0.0013053669029064,279.520861772736
21-Mar-2023,0,0.0015051769285386,1.14480283155992,320.965402453053,-6.55237916666667,2.35496666666667,0.710759833333333,193.434866666667,271.300619673661,658.7568,0.0933,0.0933,0.696658315011463,0,0,0.0015051769285386,0,0.00150509378939435,280.027535649252
22-Mar-2023,0,0.0035847904751272,1.14279704329867,320.909771337417,-8.17495,4.0819,0.649296416666667,185.2491375,278.452237771813,657.655670833333,0,0,0.707832244233916,0,0,0.0035847904751272,0,0.00358470771412989,280.470376830479
23-Mar-2023,0,0.0103186221336103,1.14072841531895,320.719135868343,-5.8346625,3.397125,0.463617291666667,202.403066666667,255.201395139711,658.835066666667,0,0,0.733974984561191,0,0,0.0103186221336103,0,0.0103185397468445,280.812065952425
24-Mar-2023,0,0.0133138616359585,1.13863081548496,320.427776868871,-5.26484583333333,3.90680833333333,0.449423916666667,193.800991666667,281.320492084149,659.004754166667,0,0,0.694061907886626,0,0,0.0133138616359585,0,0.0133137796195709,281.07379484102
25-Mar-2023,0,0.0128530675991903,1.13662229507314,320.088963660462,-5.19172083333333,3.0272625,0.427392708333333,200.258204166667,273.008734401948,660.782308333333,0,0,0.686800465253807,0,0,0.0128530675991903,0,0.0128529859493886,281.272743533669
26-Mar-2023,0,0.0137585119082513,1.13501312016709,319.806733851665,-6.11039166666666,3.39465416666667,0.438425166666667,180.402004166667,292.053196430743,662.413020833333,0,0,0.672441458398389,0,0,0.0137585119082513,0,0.0137584306213028,281.423158510251
27-Mar-2023,0,0.0160336860020888,1.1332439547014,319.435998247958,-6.13949583333333,3.68570416666667,0.40244475,181.331775,293.365228848492,661.7556875,0,0,0.663863173146154,0,0,0.0160336860020888,0,0.0160336050743191,281.535749622888
28-Mar-2023,0,0.0172893656064911,1.13149618483518,319.036891777798,-5.46494583333333,3.68407083333333,0.38686775,188.569879166667,292.941508092669,660.764029166667,0,0,0.655179107555099,0,0,0.0172893656064911,0,0.017289285034283,281.618324553126
29-Mar-2023,0,0.0157228823060337,1.13060605867323,318.763846748484,-3.8577,3.06577083333333,0.423384125,239.110883333333,245.384762128884,660.693175,0.2761,0.2761,0.719330062693092,0,0,0.0157228823060337,0,0.015722802085826,281.598840695264
30-Mar-2023,0,0.00993393262823695,1.13348523046894,319.235820719282,-3.18520416666667,2.11565833333333,0.763704208333334,283.441820833333,157.642125460369,660.842670833334,1.3453,1.3453,0.656054859704694,0,0,0.00993393262823695,0,0.00993385275652306,281.299654973776
31-Mar-2023,0,0.00502084387413648,1.14221863825795,320.916580021501,-2.2501125,1.76575833333333,0.882715333333333,281.873758333333,156.810058058909,659.929475,1.6613,1.6613,0.758385897887883,0.00413958482838486,0,0.00438382178465895,0,0.00502076434746355,280.618664297917
01-Apr-2023,0,0.00683659385622642,1.17257996864424,326.623235087268,-3.17169583333333,1.90440416666667,0.925594083333333,281.355283333333,141.73163233324,658.595516666667,9.1572,9.1572,0.840062077427801,0,0,0.00683659385622642,0,0.0068365146711941,278.23289045766
02-Apr-2023,0,0.00498414832684513,1.18768258418837,330.269557540903,-3.45569166666667,2.1206375,0.742156416666667,245.699783333333,269.066328038032,658.805575,0.2364,0.2364,0.828787093930776,0,0,0.00498414832684513,0,0.00498406948010456,277.74216962961
03-Apr-2023,0,0.00605668618660083,1.18417328445253,330.414798372868,-2.83045,2.26629583333333,0.706516875,255.577308333333,223.435260451984,657.665125,0.3216,0.3216,0.788852067879506,0,0,0.00605668618660083,0,0.00605660767485355,278.687544472669
04-Apr-2023,0,0.0181088056690517,1.17895321147037,330.871848191309,-3.58424583333333,2.19482083333333,0.788271375,268.366625,193.425400482489,660.557004166667,1.0667,1.0667,0.679732635601278,0.00896436307747341,0,0.0127236362061064,0,0.0181087274890486,280.314539924823
05-Apr-2023,0,0.015726601546519,1.17197229016081,330.856814325663,-5.18893333333333,2.50668333333333,0.725801958333333,229.730504166667,256.869886522394,659.729641666667,0.1729,0.1729,0.644968266162662,0,0,0.015726601546519,0,0.0157265236950595,281.965415723974
06-Apr-2023,0,0.0154497127613665,1.18581267213056,333.261042863851,-5.14128333333333,2.22746666666667,0.681706833333333,234.2242,254.2369734887,661.262375,3.3484,3.3484,0.772165864511086,0,0,0.0154497127613665,0,0.0154496352352974,280.701335816386
07-Apr-2023,0,0.00967598180030059,1.19683880072897,335.493131940779,-4.19759166666667,2.460525,0.680575375,270.835504166667,178.520830269775,665.000216666667,4.5515,4.5515,0.769365307217916,0,0,0.00967598180030059,0,0.00967590459651504,279.979765173056
08-Apr-2023,0,0.00701555136550592,1.23654991871061,343.263110257411,-2.74911666666667,1.97957083333333,0.848523625,292.1834,157.809669194934,666.879808333333,9.3456,9.3456,0.85,0,0,0.00701555136550592,0,0.00701547448094279,277.269730512548
09-Apr-2023,0,0.00858313161009444,1.25359038802641,347.589544160061,-2.16539166666667,2.13304583333333,0.718790041666666,265.84365,229.209779412977,667.160416666667,0.7467,0.7467,0.839996062384049,0,0,0.00858313161009444,0,0.00858305504173721,276.939475636925
10-Apr-2023,0,0.00728350889270496,1.27451335540292,352.61210285794,-2.3123125,2.76489583333333,0.850973583333334,293.396920833333,132.544318651751,665.252595833333,11.0908,11.0908,0.821436556048828,0,0,0.00728350889270496,0,0.0072834326375809,276.342633355983
11-Apr-2023,0,0.0165558983635823,1.30535787029706,359.860161339771,-2.03846666666667,2.97644166666667,0.794163208333333,274.904733333333,246.585176639601,666.750108333333,1.8824,1.8824,0.843306607110116,0,0,0.0165558983635823,0,0.0165558224187616,275.345497687045
12-Apr-2023,0,0.0103068480441865,1.26100140064919,358.26333643434,-0.9189625,2.56059583333333,0.81753925,274.031266666667,227.794629028585,668.383554166667,0.4262,0.4262,0.622822249133946,0.201360996151512,0,0.00340977330557629,0,0.0103067724067815,284.019910619743
13-Apr-2023,0,0.0143208507378368,1.18842657613952,354.118562532176,-1.942125,3.36429583333333,0.665541541666667,225.376066666667,307.822690843959,668.874804166667,0,0,0.547232333724646,0.133383251883308,0,0.0126190869622654,0,0.0143207754050011,297.711790679188
14-Apr-2023,0,0.0260768358540318,1.13605310622906,350.32916461605,0.440891666666667,3.07215833333333,0.384626208333333,211.275983333333,324.952781504484,667.539229166667,0,0,0.526345124580776,0.142171637113223,0,0.0240692235391893,0,0.0260767920494119,308.092811704565
15-Apr-2023,0,0.019264182975893,1.09491221667117,347.182100047344,0.215970833333333,2.60980833333333,0.514010125,275.670766666667,219.693213408046,664.498179166667,2.7419,2.1274,0.616209674215036,0.0939834547012523,0,0.0172471515074008,0,0.0192641674312326,316.738514423034
16-Apr-2023,0,0.00268464520592513,1.07207396191801,347.439118534905,-0.0555916666666667,2.20059166666667,0.816182041666667,269.013458333333,233.589275802122,663.380604166667,2.0176,1.74990313368843,0.764650271142374,0.0814543476471198,0,0.00143962412809532,0,0.00268459247157722,323.746654883356
17-Apr-2023,0,0.00595953091077102,1.07276518659364,353.464581023395,-0.678179166666667,2.735,0.9200625,312.544525,137.772080606086,662.945308333333,13.745,13.745,0.849162385527806,0.0305275645767115,0,0.00259875651991901,0,0.00595946603098715,329.096412703483
18-Apr-2023,0,0.0153680525351049,1.15763381749126,376.108397595653,-2.21304583333333,3.50410416666667,0.982276916666667,309.807445833333,140.970854255878,663.165083333333,24.0657,24.0657,0.85,0.0328801739687017,0,0.0130275168669895,0,0.0153679817601886,324.559640822709
19-Apr-2023,0,0.0156933582497146,1.18284053620013,382.80836832358,-3.79285416666667,2.4846875,0.812664291666667,251.3465375,311.205186664219,662.117516666667,0.4379,0.4379,0.792403786212881,0,0,0.0156933582497146,0,0.0156932846867342,323.242413124584
20-Apr-2023,0,0.0194549274521746,1.18432191541884,382.965430087385,-4.46920416666667,2.26467083333333,0.741205833333333,231.59345,289.501948066054,659.734358333333,0.5075,0.5075,0.6445939561246,0,0,0.0194549274521746,0,0.0194548541749303,322.970588849454
21-Apr-2023,0,0.0236894595334393,1.18429728221971,382.773934109706,-4.48731666666667,2.57418333333333,0.670274041666667,218.7442875,304.66865127944,660.1020625,0.1708,0.1708,0.608958093447436,0,0,0.0236894595334393,0,0.0236893865393879,322.815740463971
22-Apr-2023,0,0.0173257005199107,1.17292312894662,381.814471401491,-4.13319166666667,2.58576666666667,0.677047166666667,209.583045833333,341.705165956981,664.268679166667,0.436,0.436,0.55770064700995,0.10350461931854,0,0.0146982691139152,0,0.0173256580698285,325.171630124078
23-Apr-2023,0,0.0282548696958925,1.13932009499672,378.811399381351,-1.48875,3.08102083333333,0.444399125,205.9595,342.936874368188,666.341366666667,0,0,0.536407300590361,0.109754673070976,0,0.0255951966952985,0,0.0282548696958925,332.127859477879
24-Apr-2023,0,0.0290831492318739,1.10823421355263,376.000372984756,-0.341370833333333,2.70255416666667,0.333988791666667,228.9199,321.679172428482,666.7834875,0.2212,0.2212,0.550915201376659,0.0472210540702403,0,0.0250557410591887,0,0.0290831372243574,338.900138409267
25-Apr-2023,0,0.033082004767951,1.07781552902839,373.67004903998,-0.0297291666666665,2.56759166666667,0.347194583333333,234.881020833333,313.044900721153,666.1876,0.4513,0.4513,0.547519851478459,0.113718183999538,0,0.0271134144967659,0,0.0330820017672588,346.330522857449
26-Apr-2023,0,0.0160386183903388,1.07584969773652,375.852931801628,-1.64587083333333,2.64938333333333,0.718585083333333,270.287695833333,210.104513431769,663.928525,6.4058,6.4058,0.82793803867059,0,0,0.0160386183903388,0,0.0160385826165454,348.942118901358
27-Apr-2023,0,0.00743669618174902,1.1076002508063,382.460296823591,-1.91526666666667,1.71299166666667,0.730328916666667,262.672420833333,257.154734291741,662.490841666667,5.4664,5.4664,0.843395775611779,0,0,0.00743669618174902,0,0.00743662483535253,344.893949997291
28-Apr-2023,0,0.0142509726367451,1.1120162245406,383.275976036451,-3.33730833333333,2.7153375,0.603487375,211.559720833333,342.979772632228,664.095670833333,0,0,0.78015888101565,0,0,0.0142509726367451,0,0.0142509015566785,344.249693512586
29-Apr-2023,0,0.0135115627311345,1.11090120954092,382.891666479751,-1.84690833333333,2.61218333333333,0.428756458333333,220.60845,348.482954593223,664.256425,0,0,0.778740133630502,0,0,0.0135115627311345,0,0.0135114919151158,344.249693512586
30-Apr-2023,0,0.0109714889029039,1.11002138576602,382.588419720734,-0.449141666666667,2.40687083333333,0.422159291666667,245.775325,308.869076716087,663.273375,0,0,0.812326862545665,0,0,0.0109714889029039,0,0.0109714183486812,344.249693512586
01-May-2023,0,0.000679352958380584,1.13203225530758,387.314539693059,-1.23038333333333,1.652125,0.784608416666666,285.761404166667,98.4191089575803,661.881929166667,9.9797,9.9797,0.810143946845521,0,0,0.000679352958380584,0,0.000679282663731341,341.758846994496
02-May-2023,0,-0.00362465184932386,1.17309648350479,396.121655980365,-1.027175,2.76342916666667,0.871041,263.896179166667,178.190294822209,662.961,5.1943,5.1943,0.841228939204537,0,0,-0.00362465184932386,0,-0.00362472188659302,337.267035889609
03-May-2023,0,0.00652730107281022,1.18653453017147,398.908510553527,-2.70845833333333,3.23872916666667,0.839980041666667,244.220775,264.346131163426,665.008175,6.2654,6.2654,0.792329267432176,0,0,0.00652730107281022,0,0.00652723129075621,335.79502182406
04-May-2023,0,0.000927373740984258,1.24029511945014,409.990425531225,-1.55535416666667,2.614475,0.91132925,305.72155,119.813391205679,663.077354166667,13.4434,13.4434,0.849906975459312,0,0,0.000927373740984258,0,0.00092730421200845,330.180313885398
05-May-2023,0,0.00694785659465162,1.31296912418622,426.513758645478,-1.758875,2.14396666666667,0.893217166666667,264.297616666667,194.462926810681,663.565825,12.2195,12.2195,0.820534446859628,0.0194278643915243,0,0.00603919749891641,0,0.00694778731664459,324.462201877771
06-May-2023,0,0.000929384193036912,1.32421600332175,430.954878304389,-3.34053333333333,2.90594166666667,0.90158575,267.152329166667,142.820238873616,661.560441666667,4.9426,4.9426,0.835660593009229,0,0,0.000929384193036912,0,0.000929315163916257,325.055041216228
07-May-2023,0,0.00514183031681881,1.34103699348025,434.383147618484,-3.4921625,1.93622916666667,0.763661291666667,245.585816666667,206.481910878384,662.037658333333,1.5411,1.5411,0.79871366144821,0,0,0.00514183031681881,0,0.0051417615345287,323.523693501618
08-May-2023,0,0.0154417332296927,1.34481038301868,435.066957246466,-3.36060416666667,2.3330625,0.664412791666667,216.811454166667,283.352572722529,663.3028125,0,0,0.655262133785912,0,0,0.0154417332296927,0,0.0154416646922034,323.123195162953
09-May-2023,0,0.0196139050631888,1.33859045810034,434.389881381445,-3.14999166666667,3.0058875,0.637654583333333,204.249245833333,331.87118506823,666.561291666667,0,0,0.627520007196909,0.0279362932186439,0,0.0153622592332912,0,0.0196138367684962,324.125023032022
10-May-2023,0,0.0264899999749381,1.32098593942889,432.992848344658,-0.846504166666667,2.84150833333333,0.380554333333333,198.319691666667,338.581292995307,668.4255,0,0,0.609525283649557,0.0426491682092099,0,0.0242019830220786,0,0.0264899574131702,327.401466556547
11-May-2023,0,0.0273433604097784,1.28634451614544,430.745761066914,1.3549,2.90499166666667,0.32282625,232.738258333333,307.245851791204,668.320433333333,0,0,0.632251551416489,0.0978099881722997,0,0.0241612808090273,0,0.0273433604097784,334.546151642065
12-May-2023,0,0.0263103156315328,1.23952357302113,427.352007337379,1.04499166666667,2.63457916666667,0.459729916666667,249.335775,288.630942134649,668.373529166666,0.1075,0.0518,0.638372230959516,0.126783445139355,0,0.0204254137050869,0,0.0263103156315328,344.392505923431
13-May-2023,0,0.0089724584479638,1.19947268103262,423.301981774711,0.401195833333333,2.25194583333333,0.734026666666667,249.0459125,268.676809497873,667.835675,0.0925,0,0.605583860340351,0.194832765783416,0,0.00533739027650088,0,0.0089724584479638,352.568974678041
14-May-2023,0,0.0116579653109605,1.1502259100848,418.34923167077,-0.998783333333333,3.02296666666667,0.804039375,251.434366666667,299.093511780012,665.417670833333,0,0,0.627942140515303,0.204984768454857,0,0.00884282356581941,0,0.0116579653109605,363.374893414582
15-May-2023,0,0.0160465095521035,1.10195916897613,413.001541507369,0.132904166666667,3.0634625,0.645588416666667,223.252695833333,326.423118513882,663.5395375,0,0,0.547571769971262,0.207321992941202,0,0.0140000110905976,0,0.0160465095521035,374.406780273587
16-May-2023,0,0.0203549078182906,1.07315924000452,409.46811520827,1.72167083333333,2.72725833333333,0.477031625,248.80655,201.564571741846,665.734566666667,0,0,0.601333248329924,0.0210068795382195,0,0.0190646079449438,0,0.0203549078182906,381.09993381389
17-May-2023,0,0.0165014790431822,1.04910996871626,406.452764729996,3.2391375,2.53680833333333,0.479914208333333,233.490995833333,311.533959353569,665.201666666667,0,0,0.525760206134292,0.225196627138118,0,0.0143972656120971,0,0.0165014790431822,387.02169572084
18-May-2023,0,0.0044080100821735,1.02055147922561,403.923701879783,2.45062083333333,2.4909875,0.723574291666667,265.716691666667,292.773234770345,667.038033333333,3.9311,3.9311,0.720622573071414,0.242301623324854,0,0.00183221938079263,0,0.0044080100821735,395.39707780077
19-May-2023,0,0.0118325212552545,0.996419810569511,400.968465410128,-0.0190749999999999,2.9685625,0.788000875,251.652741666667,278.404873180595,667.326591666667,0.7233,0.6102,0.733588020084073,0.00981844631979822,0,0.0106066498377772,0,0.0118325212552545,401.922888202045
20-May-2023,0,0.00444888504622981,0.987771250467391,400.853543818026,1.64125416666667,2.62899166666667,0.7899215,281.2285625,206.362495195084,667.7168625,3.9058,2.76500921713462,0.733230713026831,0.216372685528828,0,0.0017395770401318,0,0.00444888504622981,405.389170286069
21-May-2023,0,0.00761597632355164,0.956695409470755,396.996804368176,3.20104166666667,2.47078333333333,0.62095225,254.123083333333,275.012281200281,668.756170833333,0.6312,0.5773,0.707466899922394,0.215103664284291,0,0.00532228418629114,0,0.00761597632355164,414.521238147536
22-May-2023,0,0.00929058148950675,0.925703688674213,391.882486214073,4.38932083333333,2.83906666666667,0.557850291666667,255.176195833333,279.395886248338,668.551491666667,0.2181,0,0.690759872745851,0.197292118286769,0,0.00825042098739115,0,0.00929058148950675,422.871782615397
23-May-2023,0,-0.00422481684636538,0.897341375344021,387.339289121878,2.93159583333333,2.75837916666667,0.813003916666667,312.128329166667,105.138642389349,667.566304166667,11.9741,2.95596098986857,0.688663487409698,0.29382247058552,0,0.0034019266833822,0,-0.00422481684636538,431.204583452975
24-May-2023,0,-0.0132342605184075,0.885727758165629,389.377589735001,1.87681666666667,2.7230375,0.963570291666667,317.209408333333,122.078932826983,665.9172,44.7096,24.3752820599132,0.814224981416665,0.413254089678088,0,-0.000102501306929485,0,-0.0132342605184075,439.138956848486
25-May-2023,0,0.00168168104842989,0.937003332508306,407.057768784164,0.493491666666667,2.48586666666667,0.940036875,310.648966666667,141.518026109251,664.217970833333,23.1027,20.2065212236807,0.85,0.221956733306064,0,0.000800985942054826,0,0.00168168104842989,433.923342302203
26-May-2023,0,0.0162907028730124,0.959662229274799,414.877988526833,-0.388929166666667,2.45841666666667,0.793878625,262.584341666667,253.32515953659,664.8314625,0.6843,0.6843,0.842980816228202,0,0,0.0162907028730124,0,0.0162907028730124,431.792563274279
27-May-2023,0,0.0131774032072961,0.962320966595943,415.4212033759,-0.3989125,2.69018333333333,0.747685458333333,233.599608333333,288.329958776526,665.140070833333,2.9726,2.733,0.769365835431026,0,0,0.0131774032072961,0,0.0131774032072961,431.165950999592
28-May-2023,0,0.0219744258765601,0.969225475514843,417.079415837325,0.489583333333333,3.17838333333333,0.632209458333333,232.564808333333,299.642006649555,665.7760375,0.0489,0,0.696330937912017,0,0,0.0219744258765601,0,0.0219744258765601,429.80060605166
29-May-2023,0,0.0198660427298495,0.96374926922712,416.247177470684,2.5195625,2.65131666666667,0.491526166666667,239.752395833333,291.613899320569,667.283920833333,0.3257,0,0.674490948987258,0.033122317763891,0,0.0161775663080799,0,0.0198660427298495,431.39001909335
30-May-2023,0,0.0159331853533813,0.948886423447022,413.771222252514,3.0958875,2.59363333333333,0.515477291666667,238.161904166667,315.84818932661,667.270625,0,0,0.650969789105223,0.149567410145916,0,0.0145755903572117,0,0.0159331853533813,435.552278997303
31-May-2023,0,0.0103286785201346,0.930018594019437,410.589643456894,3.73819166666667,2.24216666666667,0.556993583333333,297.358833333333,170.185096871748,665.3767375,0.0516,0,0.726422841944311,0.0952709581642554,0,0.00785339479477832,0,0.0103286785201346,440.97856937015
01-Jun-2023,0,0.00232249915237029,0.901125902621395,405.348758053891,3.33219583333333,2.59945,0.724857625,279.595820833333,227.386266003839,664.8998625,6.8954,2.08214133435782,0.681579743149706,0.368482576284991,0,0.0025884405157416,0,0.00232249915237029,449.348500107723
