Date,EICE,ESN,SND,SWE,Ta,Ws,U,N,Rsw,Pre,Pr,Pr_sno,Albedo,Smelt,Imelt,SSN,ICE,ET,ros
01-Nov-2022,0,0.00403340959070667,7.54278238461834e-05,0.00670109127213215,-7.1898375,2.62814166666667,0.736710208333333,229.898716666667,152.064379211948,665.150966666667,0.1207,0.1207,0.185028537350424,0,0,0.00403340959070667,0,0.00373552500542515,21.5077334245123
02-Nov-2022,0,0.0253584477939528,0.0466318242464449,5.19119875532001,-4.6710625,2.05530416666667,0.791480208333334,294.283016666667,77.0254830945303,664.096920833333,14.943,14.943,0.840310224896245,0.0181198734819877,0,0.0243626907179928,0,0.0253584516592121,94.0619754076219
03-Nov-2022,0,0.00330844040056472,0.131550806770794,16.1556419242911,-3.12347916666667,1.6349625,0.91064775,273.561429166667,141.702327449643,664.273075,10.2626,10.2626,0.839318395237972,0.00727736502505881,0,0.00290270096734357,0,0.00330844040056472,122.44082270084
04-Nov-2022,0,0.0109187301333774,0.258157824794728,34.4850032175296,-2.69265416666667,2.15655416666667,0.996434125,322.504741666667,29.0871839614315,662.453270833333,21.2199,21.2199,0.85,0,0,0.0109187301333774,0,0.0109187301333774,132.759337592516
05-Nov-2022,0,0.00692441873930321,0.37522927876358,55.812031561194,-2.77885416666667,1.48389583333333,0.999240125,301.765775,48.5349814800107,663.668416666667,15.2176,15.2176,0.85,0,0,0.00692441873930321,0,0.00692441873930321,148.372641749781
06-Nov-2022,0,-8.59082612494153e-05,0.368715192442103,61.4373570317557,-4.38165,1.429325,0.961175458333333,271.464566666667,81.6458509835724,663.350304166667,3.1379,3.1379,0.845035146834304,0,0,-8.59082612494153e-05,0,-8.59082612494153e-05,166.466372658744
07-Nov-2022,0,0.00309506829781153,0.360176376636882,64.7547101787548,-5.63960416666667,1.60649166666667,0.909233916666667,263.810754166667,91.9369188925749,662.30325,2.5502,2.5502,0.827824181232065,0,0,0.00309506829781153,0,0.00309506829781153,179.598773753184
08-Nov-2022,0,0.00878593201346445,0.419477307919621,75.8694759023116,-6.23355833333333,2.87001666666667,0.957170916666667,298.69255,24.1634255589369,659.755016666667,19.584,19.584,0.85,0,0,0.00878593201346445,0,0.00878593201346445,180.930040168146
09-Nov-2022,0,0.00179587904050396,0.454537922269186,85.3222022415708,-9.64574166666667,2.66180416666667,0.783758083333333,193.59285,147.547275121029,662.9976375,0.5015,0.5015,0.829159680861202,0,0,0.00179587904050396,0,0.00179587904050396,187.594943164582
10-Nov-2022,0,0.015327832978336,0.422501652313453,85.2411944816754,-11.3331,3.55314166666667,0.351205791666667,146.624333333333,154.39237313802,664.3041125,0,0,0.816456093423624,0,0,0.015327832978336,0,0.015327832978336,201.572979963294
11-Nov-2022,0,0.0179311538900318,0.400992121672343,84.9446613795286,-10.9936333333333,2.8136875,0.460652958333333,225.1304625,77.1585158356558,664.941725,0.513,0.513,0.833407704774014,0,0,0.0179311538900318,0,0.0179311538900318,211.600991706966
12-Nov-2022,0,0.00707787475162061,0.387787249386278,85.0323096818667,-11.55105,2.91060416666667,0.700541833333333,194.849308333333,126.585518617741,664.771683333333,0,0,0.695663998980085,0,0,0.00707787475162061,0,0.00707787475162061,219.028802212241
13-Nov-2022,0,0.010424703083716,0.378646372052714,85.0940785146322,-10.8382,2.998575,0.682279458333333,242.446,85.7131240643052,660.5358625,1.392,1.392,0.756717307023225,0,0,0.010424703083716,0,0.010424703083716,224.462751316032
14-Nov-2022,0,0.00503059812326001,0.382715375188185,86.7152929477936,-9.48529583333333,2.2139125,0.883870458333333,227.384295833333,119.437000435543,660.442066666667,0.7781,0.7781,0.740886115607463,0,0,0.00503059812326001,0,0.00503059812326001,226.310752378945
15-Nov-2022,0,0.00598161799622749,0.37561340556473,86.6699147650834,-11.0110041666667,3.05250416666667,0.631083791666667,192.928279166667,130.513921176141,660.319708333333,0,0,0.719673102018798,0,0,0.00598161799622749,0,0.00598161799622749,230.467857943425
16-Nov-2022,0,0.00651593789385137,0.37875049771994,87.7576017982701,-10.3651708333333,2.41389166666667,0.650211583333333,231.167425,87.7450465179854,660.193854166667,4.8155,4.8155,0.765243832137804,0,0,0.00651593789385137,0,0.00651593789385137,231.487476633689
17-Nov-2022,0,0.0163407213878174,0.397393007309812,91.237825583039,-10.4596083333333,3.663425,0.622710375,214.458725,124.519786002692,663.832279166667,0.1435,0.1435,0.821527025877918,0,0,0.0163407213878174,0,0.0163407213878174,229.321662069093
18-Nov-2022,0,0.0161500037613958,0.393064747702992,91.4254637903839,-7.16564166666667,1.862675,0.557034208333333,286.189770833333,50.430052523104,662.176375,2.9431,2.9431,0.791806072101944,0,0,0.0161500037613958,0,0.0161500037613958,232.317756459511
19-Nov-2022,0,0.00502183910094639,0.473333455280461,104.416386464698,-6.02980416666667,1.60787916666667,0.948957375,284.915829166667,61.516970345755,662.522004166667,14.0126,14.0126,0.85,0,0,0.00502183910094639,0,0.00502183910094639,220.44011349913
20-Nov-2022,0,0.00241221827328706,0.476149661676874,107.404786956152,-10.0390041666667,2.82170416666667,0.77853125,206.039458333333,115.879038752322,664.533441666667,0,0,0.838642378017427,0,0,0.00241221827328706,0,0.00241221827328706,225.317663461867
21-Nov-2022,0,0.00474384598991997,0.462304400508278,107.353600484502,-10.8892625,2.944275,0.49544675,179.7529,130.259810451525,664.1878,0,0,0.819359846691132,0,0,0.00474384598991997,0,0.00474384598991997,231.944758969035
22-Nov-2022,0,0.01516611664792,0.451518042842651,107.096787591576,-10.0248333333333,3.06413333333333,0.428977916666667,219.660829166667,104.154285182842,665.918995833333,0,0,0.85,0,0,0.01516611664792,0,0.01516611664792,236.912591201285
23-Nov-2022,0,0.0239671137844798,0.442547723447065,106.60983990224,-8.42905833333333,3.50965416666667,0.493901791666667,230.786545833333,94.2544149152733,666.971745833333,0,0,0.85,0,0,0.0239671137844798,0,0.0239669053081143,240.612931412289
24-Nov-2022,0,0.0307238666489066,0.434878459778248,105.950970843289,-7.85065416666667,4.15879583333333,0.473372958333333,210.742879166667,109.063150452215,666.378729166667,0,0,0.833997184710173,0,0,0.0307238666489066,0,0.0307230327434446,243.341278410803
25-Nov-2022,0,0.0346436483189174,0.428135295214387,105.158100109946,-7.5967375,3.82449166666667,0.370660958333333,211.6485,98.953391809602,665.2410125,0,0,0.85,0,0,0.0346436483189174,0,0.0346428144134554,245.323015122873
26-Nov-2022,0,0.0236618930664772,0.422842744651395,104.427395352473,-8.12105833333333,3.06780416666667,0.496816833333333,246.602683333333,49.6645455098815,664.9316375,0.1173,0.1173,0.85,0,0,0.0236618930664772,0,0.0236610591610152,246.666240072319
27-Nov-2022,0,0.00697450059064693,0.420444901567541,104.23902319841,-11.3678625,4.8523875,0.812317875,199.930479166667,106.521712143949,663.357279166667,0,0,0.809453989039507,0,0,0.00697450059064693,0,0.00697366668518494,247.625326122353
28-Nov-2022,0,0.00909659726935856,0.418551844961498,104.075237463594,-10.6086375,4.24670833333333,0.629320708333333,233.3106125,86.6381501697539,662.322879166667,0.3325,0.3325,0.848157228242489,0,0,0.00909659726935856,0,0.00909576336389657,248.354242178937
29-Nov-2022,0,0.00156259523314384,0.436348387958879,106.943350060697,-7.620775,1.53367916666667,0.83759375,266.008183333333,57.8275518277336,664.388416666667,3.5434,3.5434,0.85,0,0,0.00156259523314384,0,0.00156176132768185,244.806764612245
30-Nov-2022,0,0.00125017606471417,0.438057927952689,107.723144901759,-9.21880416666667,2.5736375,0.798852541666667,213.354295833333,99.3272542984732,664.377425,0,0,0.81768298293125,0,0,0.00125017606471417,0,0.00124934215925218,245.613795154108
01-Dec-2022,0,-0.000334569824599384,0.439917909097767,108.451119041357,-8.40002083333333,1.66502083333333,0.834499875,269.826991666667,55.7851472556359,662.893654166667,2.7833,2.7833,0.78804019062487,0,0,-0.000334569824599384,0,-0.000334783837881797,246.236209448342
02-Dec-2022,0,0.00804720051638497,0.540622787172137,124.245112328846,-6.6997375,2.04645833333333,0.941165333333334,307.853429166667,33.83713582003,660.072104166667,27.4776,27.4776,0.85,0,0,0.00804720051638497,0,0.00804707595879632,230.112083526742
03-Dec-2022,0,0.00584522343584425,0.630185774490378,140.582597735803,-7.48097083333333,1.586425,0.92774,271.636466666667,63.0472444889922,660.216758333333,4.2251,4.2251,0.85,0,0,0.00584522343584425,0,0.00584509982218717,222.816899997173
04-Dec-2022,0,0.00408484882770685,0.63188031933284,144.629860513221,-7.67315416666667,1.81819166666667,0.935406583333333,286.091391666667,37.4055464829079,660.53545,6.0252,6.0252,0.85,0,0,0.00408484882770685,0,0.0040847261419986,228.603267565029
05-Dec-2022,0,0.00921293843138996,0.709870687875045,159.356893923731,-8.35175833333333,2.55602916666667,0.925662625,285.622145833333,33.1060634658745,659.8671125,20.9111,20.9111,0.85,0,0,0.00921293843138996,0,0.00921281665806145,224.363817158484
06-Dec-2022,0,0.00582277150774933,0.763390047204732,171.832206494326,-8.98839166666667,2.06170416666667,0.908643208333333,268.195620833333,40.4328031631953,660.521520833333,5.6402,5.6402,0.85,0,0,0.00582277150774933,0,0.00582265063163081,224.816157133159
07-Dec-2022,0,0.00315493449835774,0.766312348155221,177.183249058923,-8.20701666666667,1.5775625,0.915153916666667,284.459633333333,41.2019930913488,660.150891666667,8.1659,8.1659,0.85,0,0,0.00315493449835774,0,0.00315481450466506,230.929267552963
08-Dec-2022,0,0.0103723715884128,0.813505369521057,188.593290311841,-8.51778333333334,2.94021666666667,0.882606333333333,275.365475,42.042388959094,658.9897875,11.836,11.836,0.85,0,0,0.0103723715884128,0,0.0103722524627343,231.541548346442
09-Dec-2022,0,0.00841693071502192,0.826972859393044,195.308183440496,-10.2591333333333,3.37269166666667,0.855343791666667,251.187541666667,52.6184794837467,659.078879166667,2.3549,2.3549,0.85,0,0,0.00841693071502192,0,0.00841681244330588,235.900433866487
10-Dec-2022,0,0.00127452765543495,0.802381193342501,195.820559106911,-13.8371,2.77605416666667,0.834886333333333,195.344079166667,101.504439932158,659.993320833334,0,0,0.822165049624199,0,0,0.00127452765543495,0,0.0012744102239775,243.77204668796
11-Dec-2022,0,0.00054364923184148,0.781823769306371,195.855490763318,-12.2390083333333,2.62802916666667,0.623001791666667,224.7292375,72.123335447222,661.580408333333,0.1978,0.1978,0.85,0,0,0.00054364923184148,0,0.000543532627275099,250.217060483545
12-Dec-2022,0,0.00405101065325638,0.768048681516224,196.06470468914,-11.216375,2.7805,0.671968166666667,235.6473125,68.9914168050946,660.2841375,0.4544,0.4544,0.825995742005422,0,0,0.00405101065325638,0,0.00405089486253883,254.972012192997
13-Dec-2022,0,0.00820564173355437,0.759071974918737,196.407880649371,-11.4027875,2.73509166666667,0.638072166666667,213.149383333333,94.124286509492,662.227208333333,0.1374,0.1374,0.700676756653504,0,0,0.00820564173355437,0,0.00820552674395809,258.437901467065
14-Dec-2022,0,0.00600539553328129,0.749850788310012,196.287238783448,-11.5797958333333,2.703025,0.568839958333333,235.547916666667,76.4843058344125,664.1074,0.3707,0.3707,0.704866992970855,0,0,0.00600539553328129,0,0.00600528133238322,261.452737367689
15-Dec-2022,0,0.00833152610050232,0.745820248150958,196.666808936137,-9.4741125,2.57570833333333,0.702544958333333,237.722195833333,81.9109248386002,665.475991666667,0.2341,0.2341,0.676432609287418,0,0,0.00833152610050232,0,0.00833141267617414,263.373845197463
16-Dec-2022,0,0.0173835009987027,0.739407456129542,196.402498638795,-12.707075,4.70590833333333,0.624904208333333,185.570883333333,105.456401143439,663.793395833333,0,0,0.584390935019067,0,0,0.0173835009987027,0,0.0173833883391014,265.300610808391
17-Dec-2022,0,0.0303637705151917,0.732986706457778,195.776839064422,-12.5162291666667,5.10869166666667,0.274699666666667,168.321658333333,108.813678072686,663.255708333333,0,0,0.563154076721363,0,0,0.0303637705151917,0,0.0303636586087508,266.771727521146
18-Dec-2022,0,0.0204250820445847,0.727721672120661,195.157392423865,-12.3065083333333,4.09391666666667,0.337984916666667,220.053716666667,76.726516253269,662.921425,0.1042,0.1042,0.654147778051716,0,0,0.0204250820445847,0,0.0204249708800054,267.851065869483
19-Dec-2022,0,0.0102975824749053,0.72475099757251,194.917481839565,-11.72645,2.98075416666667,0.649253833333333,229.7499875,77.3213729661222,661.020254166667,0.0523,0.0523,0.6453140676963,0,0,0.0102975824749053,0,0.0102974720411481,268.618187725648
20-Dec-2022,0,0.0114729130867886,0.723567244317734,194.907695610378,-12.1018958333333,2.68555833333333,0.640050166666667,223.034329166667,95.2735798210208,660.130829166667,0.2205,0.2205,0.627805956373275,0,0,0.0114729130867886,0,0.0114728033730655,269.044071197682
21-Dec-2022,0,0.00633095403772284,0.721369441212427,194.709316968596,-13.5669041666667,2.60194166666667,0.74391425,207.448470833333,92.8842226962563,661.062433333333,0,0,0.60946364195232,0,0,0.00633095403772284,0,0.00633084503348959,269.589044789232
22-Dec-2022,0,0.00798144147758368,0.719636107443197,194.549080352658,-14.0994916666667,3.20502916666667,0.649934458333333,179.1764375,104.536006728651,659.326108333333,0,0,0.5343457964799,0,0,0.00798144147758368,0,0.00798133317253245,270.015964833513
23-Dec-2022,0,0.0104785501546686,0.717940919211208,194.32182949334,-14.9007791666667,3.61314166666667,0.507615666666667,157.626195833333,111.96459736458,658.685966666667,0,0,0.510595039418673,0,0,0.0104785501546686,0,0.0104784425387208,270.337355078678
24-Dec-2022,0,0.0140485795026808,0.716244755077514,194.03381421719,-15.4437958333333,4.33047916666667,0.411697541666667,144.397004166667,112.57318975716,659.347654166667,0,0,0.502485457839432,0,0,0.0140485795026808,0,0.0140484725659803,270.575908024825
25-Dec-2022,0,0.0245689851271344,0.714081566702799,193.570567162626,-15.8566708333333,5.48655,0.287945625,136.5513625,116.554469863643,658.079425,0,0,0.494339603806646,0,0,0.0245689851271344,0,0.0245688788600408,270.747627261554
26-Dec-2022,0,0.0228674184978715,0.711626476099196,192.98655956966,-14.98575,4.49357083333333,0.245544625,192.8242,96.0337299437123,659.787154166667,0,0,0.587647694737748,0,0,0.0228674184978715,0,0.0228673128909541,270.862006997997
27-Dec-2022,0,0.0178999657347683,0.709629721618801,192.495314349619,-13.8953875,3.99,0.506391958333333,207.4517,102.683318970956,660.680525,0,0,0.530649185319272,0,0,0.0178999657347683,0,0.0178998607787998,270.932728513326
28-Dec-2022,0,0.0130192824631042,0.708368368278314,192.153897832679,-12.0931,2.46271666666667,0.547231166666667,237.203216666667,88.8691909967723,660.311695833333,0.2858,0.2858,0.574947545159483,0,0,0.0130192824631042,0,0.0130191781490546,270.933793295901
29-Dec-2022,0,0.00850104649549635,0.711014916894359,192.483066486123,-11.0482041666667,2.10166666666667,0.668948208333333,244.6596875,69.7005759204896,659.548858333333,1.1492,1.1492,0.620532667497216,0,0,0.00850104649549635,0,0.00850094281452757,270.388368515766
30-Dec-2022,0,0.00424124094353666,0.716699000713974,193.44361649709,-12.2515875,1.86022916666667,0.890973375,212.717541666667,104.920816558092,663.360083333333,0.3105,0.3105,0.685319644592376,0,0,0.00424124094353666,0,0.00424113788699713,269.581929274818
31-Dec-2022,0,0.00175451927164539,0.715437598402463,193.37192945005,-13.4773666666667,1.88032083333333,0.7301825,209.9937125,70.9680030979347,662.8137375,0,0,0.748160508867207,0,0,0.00175451927164539,0,0.00175441683106458,269.957144575832
01-Jan-2023,0,0.00185249520843141,0.714546149485647,193.346711963084,-17.3269875,2.90554583333333,0.66119525,151.174370833333,109.781470605193,661.694904166667,0,0,0.646319582317261,0,0,0.00185249520843141,0,0.00185239337551481,270.25867039779
02-Jan-2023,0,0.00454697230280409,0.713554016871393,193.242085376562,-16.2278208333333,2.5816875,0.331736916666667,170.930933333333,88.4303514895264,661.57495,0,0,0.707837909213408,0,0,0.00454697230280409,0,0.00454687106942832,270.487985962536
03-Jan-2023,0,0.00236964872349759,0.71335514881997,193.24706515239,-15.7840833333333,2.2337125,0.487206625,200.3895875,86.0697977099445,662.956029166667,0.5201,0.5201,0.722845650903576,0,0,0.00236964872349759,0,0.00236954808170561,270.570511992507
04-Jan-2023,0,-0.000164210755761016,0.720758913699288,194.496333278213,-12.4756791666667,1.926925,0.788607708333333,214.65295,89.1394821044919,665.471720833334,0.9511,0.9511,0.716890111054736,0,0,-0.000164210755761016,0,-0.000164310813764395,269.522478447675
05-Jan-2023,0,0.00741028170311775,0.720123674490954,194.55658624731,-12.4369416666667,3.431975,0.40898175,173.6270375,110.25171494245,663.696991666667,0,0,0.671524635789737,0,0,0.00741028170311775,0,0.00741018222126514,269.84356669087
06-Jan-2023,0,0.00446662979442436,0.720066994547633,194.619831126378,-9.99171666666667,1.89023333333333,0.487183708333333,249.8905625,66.8664340561848,662.229154166667,1.1042,1.1042,0.756296836090574,0,0,0.00446662979442436,0,0.00446653088123783,269.953222486404
07-Jan-2023,0,-0.000609533020772291,0.732773880100194,196.85412539693,-8.59475416666667,1.785925,0.873021708333333,257.832770833333,68.4959295221348,661.204279166667,2.3926,2.3926,0.831814811014547,0,0,-0.000609533020772291,0,-0.000609631372628411,268.318740569656
08-Jan-2023,0,0.000886924605976544,0.746446446577419,199.452639966152,-8.98830833333333,1.45854166666667,0.881634375,264.7228875,57.557341466528,659.031879166667,5.3393,5.3393,0.810997764991722,0,0,0.000886924605976544,0,0.000886826808260168,266.893514469603
09-Jan-2023,0,0.00106410816095027,0.790325478194187,207.270772360984,-9.0458625,1.60924583333333,0.912178208333333,231.945183333333,92.3446082291371,660.4296625,4.8306,4.8306,0.845209219288768,0,0,0.00106410816095027,0,0.00106401091032415,261.947268078367
10-Jan-2023,0,-0.000718362043954785,0.795375058849483,209.320665572922,-11.0073916666667,1.84000833333333,0.903199666666667,255.3533875,62.6324304382844,657.555091666667,4.5106,4.5106,0.782235599549525,0,0,-0.000718362043954785,0,-0.000718458754402655,262.858992881138
11-Jan-2023,0,0.0170260944483046,0.828857236810276,215.796669259582,-13.3387458333333,6.24913333333333,0.91431075,258.744408333333,47.1972558413433,652.9446125,5.032,5.032,0.85,0,0,0.0170260944483046,0,0.0170259982712568,260.04160736692
12-Jan-2023,0,0.0026028258907178,0.828523632083396,217.262977993291,-20.0375791666667,1.99953333333333,0.790488875,152.6340375,115.569014488955,653.811579166667,0.1858,0.1858,0.813216132864488,0,0,0.0026028258907178,0,0.0026027302404223,261.914431032885
13-Jan-2023,0,-0.000127478072270363,0.819640696621063,217.252926547707,-21.8609166666667,1.53992916666667,0.597289791666667,142.341425,107.233518234575,654.513875,0,0,0.809080244461634,0,0,-0.000127478072270363,0,-0.000127573202334328,264.73925801833
14-Jan-2023,0,0.000827961838877155,0.812972499513705,217.254089420867,-23.1177708333333,2.97058333333333,0.465561833333333,130,123.888877034474,656.314645833333,0,0,0.796903018121514,0,0,0.000827961838877155,0,0.000827867222647704,266.91134683625
15-Jan-2023,0,0.00542052019568187,0.807596900994876,217.167622355682,-25.0943916666667,3.83477083333333,0.262188541666667,130,126.191226828447,656.0541375,0,0,0.789300330861696,0,0,0.00542052019568187,0,0.00542042608701051,268.580628029756
16-Jan-2023,0,0.00981997266111533,0.803087912354417,216.984714335671,-25.1745125,5.01767083333333,0.187644791666667,130,127.899957942994,656.0873125,0,0,0.781681506464881,0,0,0.00981997266111533,0,0.00981987905384321,269.86086471174
17-Jan-2023,0,0.0112555845232571,0.799230467691571,216.725806590121,-23.5750875,5.28195,0.202276583333333,130,127.992571121732,657.4881625,0,0,0.774047355340468,0,0,0.0112555845232571,0,0.0112554914113399,270.83960649442
18-Jan-2023,0,0.0161134821288978,0.795863615978475,216.406951452705,-20.6211333333333,5.7046125,0.189396833333333,145.861908333333,127.302013011057,657.5023375,0,0,0.770030129418366,0,0,0.0161134821288978,0,0.016113389506403,271.585138978154
19-Jan-2023,0,0.0101497867947145,0.792949372392181,216.062586168679,-16.9495041666667,3.51908333333333,0.310702,198.9246125,117.528446111032,657.717129166667,0,0,0.821084031762343,0,0,0.0101497867947145,0,0.0101496946558186,272.149400305102
20-Jan-2023,0,0.00318828141931741,0.791168019001542,215.916006823034,-17.407675,3.10752916666667,0.524961416666667,158.760704166667,129.056107148659,657.387816666667,0,0,0.743126281900659,0,0,0.00318828141931741,0,0.00318818975830303,272.577048740854
21-Jan-2023,0,0.00362268809728736,0.789980482578106,215.850159368556,-17.7885666666667,3.5215,0.453827875,149.6874125,133.85201239891,656.983108333333,0,0,0.73432928072823,0,0,0.00362268809728736,0,0.00362259690854085,272.903529637046
22-Jan-2023,0,0.00360873639013666,0.788879489902282,215.745843221453,-16.5086833333333,2.95489583333333,0.400554041666667,185.227966666667,100.59209279973,655.985054166667,0,0,0.818926225948788,0,0,0.00360873639013666,0,0.00360864566814551,273.152319098985
23-Jan-2023,0,0.0021892609672478,0.788106009227088,215.683542420351,-15.5544375,2.39343333333333,0.491024458333333,186.4169375,117.00580134032,656.560516666667,0,0,0.761854134363832,0,0,0.0021892609672478,0,0.0021891707065982,273.341437877435
24-Jan-2023,0,0.00164794821217594,0.787560482630676,215.647935686183,-16.7234541666667,2.37695,0.464335666666667,158.969133333333,141.059936687377,655.131495833333,0,0,0.70786213337588,0,0,0.00164794821217594,0,0.00164785840755039,273.485614327879
25-Jan-2023,0,0.000401041263652269,0.788017047962009,215.754546275297,-15.3223,1.64751666666667,0.621781708333333,214.891741666667,94.2081941750456,655.526008333333,0.4238,0.4238,0.793138548495458,0,0,0.000401041263652269,0,0.0004009519098273,273.462516524033
26-Jan-2023,0,0.00157636879025704,0.78938842854383,216.034139166036,-16.0349958333333,2.71075416666667,0.577672291666667,151.256945833333,146.007334650319,658.581733333333,0,0,0.644831069455295,0,0,0.00157636879025704,0,0.00157627988210096,273.340973613909
27-Jan-2023,0,0.00767057100545849,0.788525096257912,215.918227736084,-16.3477291666667,3.27035,0.345327416666667,147.0147,153.584515190446,659.713775,0,0,0.635968308059188,0,0,0.00767057100545849,0,0.00767048253792922,273.493428536107
28-Jan-2023,0,0.00640478228214725,0.788509340065566,215.874063837946,-14.1826333333333,2.87097083333333,0.447688666666667,220.4851375,96.2285021970252,658.166570833333,0.9636,0.9636,0.726768904630895,0,0,0.00640478228214725,0,0.00640469425029024,273.443436508058
29-Jan-2023,0,-0.00022345924763934,0.811920074941069,219.684972195263,-10.839825,1.2335375,0.889001708333333,266.467545833333,55.64611870234,654.866841666667,6.85,6.85,0.842982203498446,0,0,-0.00022345924763934,0,-0.000223546848693169,270.273371389799
30-Jan-2023,0,0.00189700501936251,0.852404227593909,226.72505053869,-11.2165625,1.476875,0.844014333333333,245.0092375,89.7515122287394,655.7934625,5.6403,5.6403,0.85,0,0,0.00189700501936251,0,0.00189691784432627,265.667134522088
31-Jan-2023,0,0.000773452327132851,0.865102285613264,229.922791761873,-11.8248625,1.418275,0.846825208333333,231.040491666667,82.2115070627418,658.958808333333,1.3945,1.3945,0.838405392534842,0,0,0.000773452327132851,0,0.000773365573410194,265.453019890333
01-Feb-2023,0,0.00450165462101303,0.863557365114111,230.855122057074,-11.0188541666667,2.180125,0.743916291666667,255.5454,81.9218118280058,658.924416666667,1.0796,1.0796,0.71758894666938,0,0,0.00450165462101303,0,0.00450156828397964,267.006194730439
02-Feb-2023,0,0.00270156291007058,0.87076992210242,233.050182289847,-8.12137083333333,1.98114583333333,0.875342375,267.026708333333,84.6837083820689,658,4.0099,4.0099,0.793581699328105,0,0,0.00270156291007058,0,0.00270147698518003,267.314789209495
03-Feb-2023,0,0.00271841405426775,0.902419845027505,239.301273367551,-8.13736666666667,1.67663333333333,0.914650041666667,268.001595833333,94.1169338286743,657.620870833333,8.4164,8.4164,0.85,0,0,0.00271841405426775,0,0.00271832853704975,264.867823884318
04-Feb-2023,0,0.00462972218637969,0.923101064331426,244.259413555967,-11.2254833333333,2.35550833333333,0.822695125,191.3796375,160.151237361775,659.470741666667,0.5985,0.5985,0.81893349529059,0,0,0.00462972218637969,0,0.00462963707243834,264.289721212623
05-Feb-2023,0,0.00344439639551034,0.913391650810565,244.235645440701,-13.1709,2.51560416666667,0.652933208333333,227.084775,124.084973579552,656.430320833333,0.2838,0.2838,0.847395096333892,0,0,0.00344439639551034,0,0.00344431168052252,267.071559522897
06-Feb-2023,0,0.00487026791893442,0.917661144905142,246.078513395609,-11.6109583333333,2.12416666666667,0.821776208333333,250.953170833333,87.8433787499562,657.121216666667,2.469,2.469,0.804681374632458,0,0,0.00487026791893442,0,0.00487018359864811,267.833541157974
07-Feb-2023,0,0.00704016885225743,0.914619440441267,246.709113915599,-14.8525791666667,3.43178333333333,0.667491,150.577125,178.574025704268,659.304795833333,0,0,0.721699129490755,0,0,0.00704016885225743,0,0.00704008492249019,269.413871962089
08-Feb-2023,0,0.00897074504400415,0.908606666481428,246.567641738596,-12.8957,2.97541666666667,0.408819375,227.037558333333,127.577701049973,655.4841375,0.5928,0.5928,0.815389995229144,0,0,0.00897074504400415,0,0.00897066150064155,271.040228712142
09-Feb-2023,0,0.00535063052951004,0.931018925825769,250.804860967924,-11.3195916666667,3.05172083333333,0.821199291666667,264.322716666667,75.0481359382949,650.8873875,8.7698,8.7698,0.85,0,0,0.00535063052951004,0,0.00535054736850422,269.084115443695
10-Feb-2023,0,0.0172419038065996,0.959834411121615,256.516903933164,-13.6728583333333,4.43754583333333,0.848626625,246.1300875,99.2597243370495,653.387945833333,1.7115,1.7115,0.85,0,0,0.0172419038065996,0,0.0172418210239677,266.927432742126
11-Feb-2023,0,0.0108193028318094,0.955405702626291,257.092482373396,-16.9165583333333,2.29549166666667,0.78259625,185.799266666667,155.385268691844,657.182108333333,0.331,0.331,0.722183214772779,0,0,0.0108193028318094,0,0.0108192204236325,268.76791527046
12-Feb-2023,0,0.00413152846580106,0.947664369440418,256.960404113339,-18.3095791666667,2.74715833333333,0.62612625,141.028016666667,192.089860046853,660.104058333333,0,0,0.65709231517724,0,0,0.00413152846580106,0,0.0041314464282222,270.823563421575
13-Feb-2023,0,0.00536665159292453,0.946084448368792,257.517210340729,-13.2356541666667,2.30728333333333,0.601004625,248.202254166667,96.4756448886108,658.7213,2.1266,2.1266,0.697652666224551,0,0,0.00536665159292453,0,0.00536656992214798,271.863099082592
14-Feb-2023,0,0.00563598872782542,0.967505358857374,261.761645794245,-9.1546625,2.3626625,0.869697625,288.154404166667,87.180658064091,660.3731875,5.6268,5.6268,0.85,0,0,0.00563598872782542,0,0.00563590742011508,270.230451906993
15-Feb-2023,0,0.0117560104927178,0.998867938756342,268.108915284043,-5.89810416666667,3.48764583333333,0.9000895,306.969525,85.3665880327901,659.733916666667,8.6434,8.6434,0.85,0,0,0.0117560104927178,0,0.011755929544396,268.096617045468
16-Feb-2023,0,0.00938824036762298,1.03228136253035,277.733274862664,-2.40294166666667,2.74479583333333,0.954540416666667,329.252725,85.8299226208782,660.508391666667,11.246,11.246,0.85,0.030694589592888,0,0.00822199240481408,0,0.00938815977506924,268.741182879828
17-Feb-2023,0,0.0119061282958905,1.02711167632343,287.465193930988,-1.30970416666667,2.99233333333333,0.966465458333333,319.897245833333,96.2159981510679,662.180508333333,10.66,10.66,0.85,0.0990227745673917,0,0.0068348730111307,0,0.0119060480555404,279.718204007708
18-Feb-2023,0,0.024602908346559,1.03834689947201,295.499576172971,-4.54501666666667,4.45264583333333,0.90255575,287.946241666667,92.6475871351584,661.946766666667,7.7586,7.7586,0.85,0,0,0.024602908346559,0,0.0246028284549028,284.257055851052
19-Feb-2023,0,0.00418118857662869,1.05570986744536,298.385394678376,-7.94765,1.53603333333333,0.77227975,207.61605,185.401533244522,660.405075,0.7313,0.7313,0.805915116384352,0,0,0.00418118857662869,0,0.00418110903021055,282.297057803458
20-Feb-2023,0,0.0118247280688491,1.05805806796847,298.707499751701,-11.7315875,2.38771666666667,0.808992958333333,187.657991666667,198.257309108621,660.1810875,0,0,0.63479087874405,0,0,0.0118247280688491,0,0.0118246488642657,281.974419539009
21-Feb-2023,0,0.0160976900674624,1.05692986483522,298.388989126106,-11.8004458333333,2.89019166666667,0.624144208333333,184.13335,204.390916113002,660.544425,0,0,0.625054630525561,0,0,0.0160976900674624,0,0.0160976112013619,281.974419539009
22-Feb-2023,0,0.0174947107166716,1.0551943166367,297.899014824344,-10.9889583333333,3.53680833333333,0.464355458333333,197.729329166667,182.300701570982,659.2112125,0,0,0.688653691235864,0,0,0.0174947107166716,0,0.0174946321857527,281.974419539009
23-Feb-2023,0,0.0205437670372251,1.05393913294389,297.544655461697,-9.81895833333333,3.21498333333333,0.5129775,179.125083333333,212.035660539531,661.6083125,0,0,0.600006487373638,0,0,0.0205437670372251,0,0.0205436888382359,281.974419539009
24-Feb-2023,0,0.0240335310467909,1.05166332984441,296.898817741011,-9.4188375,3.51995833333333,0.34328075,209.576325,188.585066008246,662.001916666667,0.1062,0.1062,0.679016406891576,0,0,0.0240335310467909,0,0.024033453176528,281.971246422014
25-Feb-2023,0,0.010400712968458,1.06227588892101,298.481297182842,-7.9029125,2.49580833333333,0.838177875,289.2476375,98.4275424450203,662.784125,3.3573,3.3573,0.794150604491235,0,0,0.010400712968458,0,0.0104006354237655,280.6459825668
26-Feb-2023,0,0.0106364681144483,1.07524759228373,300.695836267831,-7.81854583333333,1.99671666666667,0.878969625,242.0591125,142.890360448791,664.626791666667,1.4105,1.4105,0.794718428214501,0,0,0.0106364681144483,0,0.0106363908922167,279.313876057038
27-Feb-2023,0,0.0148346796234488,1.07546877411316,300.87399940641,-13.0768958333333,3.5291625,0.714855333333333,169.790133333333,219.576585969879,665.460204166667,0,0,0.688905665294601,0,0,0.0148346796234488,0,0.0148346027206144,279.421656295589
28-Feb-2023,0,0.0227275820010396,1.07258286367877,300.414803119785,-13.2735583333333,3.98850833333333,0.307566958333333,148.504004166667,231.997523128411,664.37355,0,0,0.67492180641759,0,0,0.0227275820010396,0,0.0227275054145833,279.745853702045
01-Mar-2023,0,0.0281007619515774,1.06946904240393,299.803571667314,-10.7024916666667,4.90055,0.295506875,162.457525,222.69688346997,663.905025,0,0,0.665781096721159,0,0,0.0281007619515774,0,0.0281006856785241,279.989501776868
02-Mar-2023,0,0.0297653303858308,1.06623331206547,299.088070887336,-10.0837916666667,4.81900833333333,0.352983333333333,170.230195833333,223.747344090709,664.244279166667,0,0,0.656656085930536,0,0,0.0297653303858308,0,0.0297652544232481,280.168938371203
03-Mar-2023,0,0.0268669135627377,1.06336770626378,298.42199841657,-9.58919166666667,4.57245833333333,0.4660315,180.9971375,220.815738777951,665.2358875,0,0,0.64992477276757,0,0,0.0268669135627377,0,0.0268668379077356,280.29831574932
04-Mar-2023,0,0.0209554752483638,1.06108651398384,297.879283203196,-10.4017791666667,5.19088333333333,0.603341291666667,191.222904166667,212.354675354612,665.036358333333,0,0,0.657664286592002,0,0,0.0209554752483638,0,0.0209553998980935,280.390058120281
05-Mar-2023,0,0.024082892214223,1.0587463517905,297.289549880778,-8.81062083333333,4.30191666666667,0.498596666666667,192.824108333333,211.071160295963,665.8955625,0,0,0.652511824197336,0,0,0.024082892214223,0,0.0240828171658764,280.453469148993
06-Mar-2023,0,0.0186796636448588,1.05716657797319,296.829043174038,-8.844675,3.88269583333333,0.645284541666667,241.488741666667,162.713052313914,664.577775,0.3085,0.3085,0.715785948466675,0,0,0.0186796636448588,0,0.0186795888956673,280.437496956803
07-Mar-2023,0,0.0335221029795031,1.05645058325148,296.54851553381,-7.47593333333333,4.36905,0.584353666666667,184.94725,228.606317985838,666.451983333333,0,0,0.575537507039419,0.00117562851650814,0,0.0318353593969906,0,0.0335220285267372,280.362342659449
08-Mar-2023,0,0.0385161311774851,1.05272821334455,295.554684227622,-6.05204583333333,3.70727083333333,0.299963541666667,210.611620833333,210.083270602844,667.211241666667,0,0,0.601163686018992,0,0,0.0385161311774851,0,0.0385160570184537,280.410767221477
09-Mar-2023,0,0.0276869392964075,1.05006589008564,294.773542688074,-5.3306125,3.02295,0.541400375,256.8621125,154.173647272054,666.629166666667,0.5144,0.5144,0.649069260254224,0,0,0.0276869392964075,0,0.027686865428457,280.378759351969
10-Mar-2023,0,0.0158317529127235,1.02696312289306,293.547724222687,-3.474575,2.79407916666667,0.769496208333334,242.4118375,225.882982920566,667.313904166667,0.4186,0.4186,0.592469738025601,0.162433610637963,0,0.0148200823907233,0,0.0158316793332369,285.669172185842
11-Mar-2023,0,0.0255510065861209,0.972083181181273,289.687344755081,-4.73485833333333,4.948625,0.683433083333334,216.625791666667,241.157773084591,666.2601125,0,0,0.562728943019912,0.117103684167919,0,0.0241510058052347,0,0.0255509637969403,297.746187465749
12-Mar-2023,0,0.0190846255984985,0.949943111142004,288.467157635939,-4.5948125,2.932325,0.675754541666667,251.506508333333,130.681553945032,664.585533333333,3.1119,3.1119,0.65202049735235,0,0,0.0190846255984985,0,0.019084580000151,303.30528316886
13-Mar-2023,0,0.0123708935942129,0.959899724120915,290.255072055158,-5.84273333333333,2.73998333333333,0.72775225,195.660879166667,246.86818850596,665.4250625,0,0,0.725464764803161,0,0,0.0123708935942129,0,0.0123708208647756,302.013974323839
14-Mar-2023,0,0.0189444896537373,0.958325701314871,289.779118065898,-5.53279166666667,3.45679583333333,0.485785291666667,202.698033333333,230.657378618734,664.718791666667,0,0,0.751485723034558,0,0,0.0189444896537373,0,0.0189444172026517,302.013974323839
15-Mar-2023,0,0.0189698476684335,0.956872196402177,289.339606351742,-6.85170416666667,3.90487916666667,0.536204541666667,185.294683333333,258.638397803154,664.062995833333,0,0,0.700841479310017,0,0,0.0189698476684335,0,0.0189697754932569,302.013974323839
16-Mar-2023,0,0.0211311792742035,0.955708334043756,288.941086305264,-6.76069583333333,3.7324,0.502450041666667,179.558795833333,262.915955308557,662.7173125,0.063,0.063,0.689592603575556,0,0,0.0211311792742035,0,0.0211311073725262,301.965283595696
17-Mar-2023,0,0.0280189506746996,0.95373090535682,288.343246595656,-6.9343875,4.17335833333333,0.36900325,173.33265,269.035173308841,661.2108125,0,0,0.680904502620922,0,0,0.0280189506746996,0,0.0280188790441443,301.965283595696
18-Mar-2023,0,0.018489594888583,0.958005119859049,288.863177562199,-6.35335416666667,3.0019625,0.582699916666667,260.987241666667,158.120931792639,660.012320833333,3.8856,3.8856,0.718354166460624,0,0,0.018489594888583,0,0.0184895235268041,301.165948411875
19-Mar-2023,0,0.00746411118035701,0.978516726646394,292.431895134638,-5.1710125,1.997825,0.841322125,263.16135,171.908449135259,659.965391666667,1.3811,1.3811,0.848277776576708,0,0,0.00746411118035701,0,0.00746404008504015,298.49028215967
20-Mar-2023,0,0.00849110109970986,0.979623437871466,292.56224018605,-6.24895,2.0604125,0.798879791666666,247.693666666667,178.796109486932,658.276858333333,0,0,0.808880204180337,0,0,0.00849110109970986,0,0.00849103026857127,298.285535002873
21-Mar-2023,0,0.015892670963949,0.9793459009699,292.412658876721,-6.55237916666667,2.35496666666667,0.710759833333333,193.434866666667,271.300619673661,658.7568,0.0933,0.0933,0.702042675634068,0,0,0.015892670963949,0,0.015892600394735,298.217515424627
22-Mar-2023,0,0.0176234330803393,0.977893646010061,291.979045243629,-8.17495,4.0819,0.649296416666667,185.2491375,278.452237771813,657.655670833333,0,0,0.709729130211887,0,0,0.0176234330803393,0,0.0176233627708258,298.217515424627
23-Mar-2023,0,0.0238507662586473,0.97619453171823,291.471724462159,-5.8346625,3.397125,0.463617291666667,202.403066666667,255.201395139711,658.835066666667,0,0,0.737394610342964,0,0,0.0238507662586473,0,0.0238506962066392,298.217515424627
24-Mar-2023,0,0.0278786758836897,0.974069038916694,290.837095776926,-5.26484583333333,3.90680833333333,0.449423916666667,193.800991666667,281.320492084149,659.004754166667,0,0,0.694774215380029,0,0,0.0278786758836897,0,0.0278786060870205,298.217515424627
25-Mar-2023,0,0.029713783392282,0.971685948258396,290.125553639417,-5.19172083333333,3.0272625,0.427392708333333,200.258204166667,273.008734401948,660.782308333333,0,0,0.689741509613404,0,0,0.029713783392282,0,0.0297137138488131,298.217515424627
26-Mar-2023,0,0.0331750873716215,0.969312507467683,289.416892755033,-6.11039166666666,3.39465416666667,0.438425166666667,180.402004166667,292.053196430743,662.413020833333,0,0,0.676814641193436,0,0,0.0331750873716215,0,0.0331750180792419,298.217515424627
27-Mar-2023,0,0.0352754575849277,0.966535481019463,288.587729446451,-6.13949583333333,3.68570416666667,0.40244475,181.331775,293.365228848492,661.7556875,0,0,0.668205293095053,0,0,0.0352754575849277,0,0.0352753885415535,298.217515424627
28-Mar-2023,0,0.0365484119427357,0.963665268818417,287.730742777678,-5.46494583333333,3.68407083333333,0.38686775,188.569879166667,292.941508092669,660.764029166667,0,0,0.659372407242377,0,0,0.0365484119427357,0,0.0365483488699628,298.217515424627
29-Mar-2023,0,0.0285252886963954,0.96169900891943,287.043690410948,-3.8577,3.06577083333333,0.423384125,239.110883333333,245.384762128884,660.693175,0.2761,0.2761,0.722488951762335,0,0,0.0285252886963954,0,0.028525248725823,298.11370813637
30-Mar-2023,0,0.0178875490149646,0.943680130091392,286.097702910494,-3.18520416666667,2.11565833333333,0.763704208333334,283.441820833333,157.642125460369,660.842670833334,1.3453,1.3453,0.659960722102836,0.114098749755616,0,0.0131749412361807,0,0.0178875063210355,302.927796990637
31-Mar-2023,0,0.00842378829750333,0.912470757540771,285.164201450856,-2.2501125,1.76575833333333,0.882715333333333,281.873758333333,156.810058058909,659.929475,1.6613,1.6613,0.764137994264169,0.0922563382742696,0,0.00522666571023124,0,0.0084237514023081,312.181080652926
01-Apr-2023,0,0.00970791046581195,0.925904759177323,289.574605109174,-3.17169583333333,1.90440416666667,0.925594083333333,281.355283333333,141.73163233324,658.595516666667,9.1572,9.1572,0.848837043416732,0,0,0.00970791046581195,0,0.00970784263712041,312.40915428609
02-Apr-2023,0,0.0138820880017772,0.944270736204728,293.100406453398,-3.45569166666667,2.1206375,0.742156416666667,245.699783333333,269.066328038032,658.805575,0.2364,0.2364,0.817862688585638,0,0,0.0138820880017772,0,0.0138820204101301,310.022339710004
03-Apr-2023,0,0.0160094090199641,0.944508039715307,293.00204724669,-2.83045,2.26629583333333,0.706516875,255.577308333333,223.435260451984,657.665125,0.3216,0.3216,0.806160155842163,0,0,0.0160094090199641,0,0.0160093416634544,309.840455819874
04-Apr-2023,0,0.0253442867445409,0.929835316314028,291.887059334204,-3.58424583333333,2.19482083333333,0.788271375,268.366625,193.425400482489,660.557004166667,1.0667,1.0667,0.687998997474321,0.134722823594136,0,0.0108201785131991,0,0.0253442531538731,313.611529755582
05-Apr-2023,0,0.0277021990337827,0.896824131303345,289.069577502574,-5.18893333333333,2.50668333333333,0.725801958333333,229.730504166667,256.869886522394,659.729641666667,0.1729,0.1729,0.652050261152037,0.0841032871328026,0,0.0149181096914949,0,0.0277021990337827,321.983519811563
06-Apr-2023,0,0.0295032278571753,0.895304408708617,290.079176351038,-5.14128333333333,2.22746666666667,0.681706833333333,234.2242,254.2369734887,661.262375,3.3484,3.3484,0.775837616135927,0,0,0.0295032278571753,0,0.0295032056618005,323.6118348404
07-Apr-2023,0,0.0188744750285253,0.906473832471415,292.011792387217,-4.19759166666667,2.460525,0.680575375,270.835504166667,178.520830269775,665.000216666667,4.5515,4.5515,0.775447505562786,0,0,0.0188744750285253,0,0.0188744085939608,321.758775592674
08-Apr-2023,0,0.0111908471161905,0.946023229345006,299.627093679453,-2.74911666666667,1.97957083333333,0.848523625,292.1834,157.809669194934,666.879808333333,9.3456,9.3456,0.85,0,0,0.0111908471161905,0,0.0111907809075743,316.364735724999
09-Apr-2023,0,0.0158341341520026,0.967845871962311,303.824390966971,-2.16539166666667,2.13304583333333,0.718790041666666,265.84365,229.209779412977,667.160416666667,0.7467,0.7467,0.845795995049641,0,0,0.0158341341520026,0,0.0158340681675635,313.537588290756
10-Apr-2023,0,0.0121539466314584,0.99323976313168,308.685159277517,-2.3123125,2.76489583333333,0.850973583333334,293.396920833333,132.544318651751,665.252595833333,11.0908,11.0908,0.841643497496137,0,0,0.0121539466314584,0,0.0121538808694464,310.449027695099
11-Apr-2023,0,0.0259133120358006,1.03025419993976,315.772112594129,-2.03846666666667,2.97644166666667,0.794163208333333,274.904733333333,246.585176639601,666.750108333333,1.8824,1.8824,0.834455900161098,0,0,0.0259133120358006,0,0.0259132464944869,306.12797259622
12-Apr-2023,0,0.0143697342150499,0.998630858017255,313.256232008679,-0.9189625,2.56059583333333,0.81753925,274.031266666667,227.794629028585,668.383554166667,0.4262,0.4262,0.630448807829301,0.259930703831432,0,0.0060965669519362,0,0.014369706970899,313.558288209207
13-Apr-2023,0,0.0209499398764869,0.933548919379513,307.141407832369,-1.942125,3.36429583333333,0.665541541666667,225.376066666667,307.822690843959,668.874804166667,0,0,0.553614182686788,0.232281096135351,0,0.0187126661658227,0,0.0209499398764869,328.775301808151
14-Apr-2023,0,0.0322490498373252,0.878461021623924,300.745405937602,0.440891666666667,3.07215833333333,0.384626208333333,211.275983333333,324.952781504484,667.539229166667,0,0,0.531072142101719,0.249476839131634,0,0.0293019161330047,0,0.0322490498373252,342.093483672919
15-Apr-2023,0,0.0244992014507845,0.834200383196283,294.93207065174,0.215970833333333,2.60980833333333,0.514010125,275.670766666667,219.693213408046,664.498179166667,2.7419,2.1274,0.619390513228449,0.204617280894482,0,0.0209084684034464,0,0.0244992014507845,353.199848165755
16-Apr-2023,0,0.00678514902340524,0.805446635391043,292.024904661114,-0.0555916666666667,2.20059166666667,0.816182041666667,269.013458333333,233.589275802122,663.380604166667,2.0176,1.74990313368843,0.766909661846533,0.219867914117465,0,0.0040065071814688,0,0.00678514902340524,362.222731945463
17-Apr-2023,0,0.00823923320726331,0.805534735768528,295.821550291525,-0.678179166666667,2.735,0.9200625,312.544525,137.772080606086,662.945308333333,13.745,13.745,0.85,0.0736361154249275,0,0.00389073746929795,0,0.00823923320726331,366.79839125764
18-Apr-2023,0,0.0177167096827859,0.882774558786244,317.180850831649,-2.21304583333333,3.50410416666667,0.982276916666667,309.807445833333,140.970854255878,663.165083333333,24.0657,24.0657,0.85,0.0844208411544338,0,0.0124433148027133,0,0.0177167096827859,358.937734450452
19-Apr-2023,0,0.0262231280305376,0.902964371560824,323.148742162743,-3.79285416666667,2.4846875,0.812664291666667,251.3465375,311.205186664219,662.117516666667,0.4379,0.4379,0.789036882789386,0,0,0.0262231280305376,0,0.0262231280305376,357.441485523521
20-Apr-2023,0,0.0330953339915371,0.891457320461395,321.713822469528,-4.46920416666667,2.26467083333333,0.741205833333333,231.59345,289.501948066054,659.734358333333,0.5075,0.5075,0.649644855060154,0.117937085147916,0,0.0197267455491951,0,0.0330953339915371,360.497461774277
21-Apr-2023,0,0.0415407107419762,0.863188501512047,317.970720153937,-4.48731666666667,2.57418333333333,0.670274041666667,218.7442875,304.66865127944,660.1020625,0.1708,0.1708,0.610337901599524,0.151153317680426,0,0.0234011178963182,0,0.0415407107419762,367.976414905323
22-Apr-2023,0,0.0287160436839558,0.830289966720489,312.84922807771,-4.13319166666667,2.58576666666667,0.677047166666667,209.583045833333,341.705165956981,664.268679166667,0.436,0.436,0.557130260881483,0.261925853346914,0,0.0227810880678485,0,0.0287160436839558,376.443359623553
23-Apr-2023,0,0.0394645988572744,0.789621241201157,305.680693040423,-1.48875,3.08102083333333,0.444399125,205.9595,342.936874368188,666.341366666667,0,0,0.533416059955243,0.277163277269645,0,0.0326260881140251,0,0.0394645988572744,386.75451081481
24-Apr-2023,0,0.0391328687089064,0.751137773901378,298.073846799586,-0.341370833333333,2.70255416666667,0.333988791666667,228.9199,321.679172428482,666.7834875,0.2212,0.2212,0.545948988649666,0.265846518552486,0,0.0310317527396374,0,0.0391328687089064,396.436212885644
25-Apr-2023,0,0.0424965946940073,0.71590453825019,290.741968399134,-0.0297291666666665,2.56759166666667,0.347194583333333,234.881020833333,313.044900721153,666.1876,0.4513,0.4513,0.541372990783858,0.282836162956842,0,0.0312300861468397,0,0.0424965946940073,405.723801514128
26-Apr-2023,0,0.02508417828793,0.71244723460248,290.590642731016,-1.64587083333333,2.64938333333333,0.718585083333333,270.287695833333,210.104513431769,663.928525,6.4058,6.4058,0.834868587446496,0,0,0.02508417828793,0,0.02508417828793,407.406608995569
27-Apr-2023,0,0.0143355005011595,0.740092269785094,297.021230834646,-1.91526666666667,1.71299166666667,0.730328916666667,262.672420833333,257.154734291741,662.490841666667,5.4664,5.4664,0.841085366456152,0,0,0.0143355005011595,0,0.0143355005011595,400.858589586881
28-Apr-2023,0,0.0298380695427301,0.743358338612657,297.573736289965,-3.33730833333333,2.7153375,0.603487375,211.559720833333,342.979772632228,664.095670833333,0,0,0.782255846395993,0,0,0.0298380695427301,0,0.0298380695427301,399.824560202072
29-Apr-2023,0,0.0284397291946207,0.741424469033793,296.799589063536,-1.84690833333333,2.61218333333333,0.428756458333333,220.60845,348.482954593223,664.256425,0,0,0.778693335458456,0,0,0.0284397291946207,0,0.0284397291946207,399.824560202072
30-Apr-2023,0,0.0251409616096893,0.739757895341889,296.132443039146,-0.449141666666667,2.40687083333333,0.422159291666667,245.775325,308.869076716087,663.273375,0,0,0.812072499532799,0,0,0.0251409616096893,0,0.0251409616096893,399.824560202072
01-May-2023,0,0.00728038297099775,0.758854178615982,300.615615120635,-1.23038333333333,1.652125,0.784608416666666,285.761404166667,98.4191089575803,661.881929166667,9.9797,9.9797,0.818033550551304,0,0,0.00728038297099775,0,0.00728038297099775,395.735312212545
02-May-2023,0,0.00362364094637865,0.795241424037877,309.275048193436,-1.027175,2.76342916666667,0.871041,263.896179166667,178.190294822209,662.961,5.1943,5.1943,0.845553361172783,0,0,0.00362364094637865,0,0.00362364094637865,388.445238464864
03-May-2023,0,0.0179232763165891,0.806684668976148,311.82612728022,-2.70845833333333,3.23872916666667,0.839980041666667,244.220775,264.346131163426,665.008175,6.2654,6.2654,0.789096898426311,0,0,0.0179232763165891,0,0.0179232763165891,386.097095576118
04-May-2023,0,0.00649580811674216,0.854522574288755,322.708375235832,-1.55535416666667,2.614475,0.91132925,305.72155,119.813391205679,663.077354166667,13.4434,13.4434,0.85,0,0,0.00649580811674216,0,0.00649580811674216,377.235669274696
05-May-2023,0,0.0105734373910042,0.922727630916086,338.804206406523,-1.758875,2.14396666666667,0.893217166666667,264.297616666667,194.462926810681,663.565825,12.2195,12.2195,0.823759373102148,0.0513124392287616,0,0.00966477829526896,0,0.0105734373910042,366.752154178511
06-May-2023,0,0.00617934374207596,0.936060731463733,342.683351623697,-3.34053333333333,2.90594166666667,0.90158575,267.152329166667,142.820238873616,661.560441666667,4.9426,4.9426,0.829856551033066,0,0,0.00617934374207596,0,0.00617934374207596,365.662974765675
07-May-2023,0,0.010394798393533,0.951156644124656,346.002609368894,-3.4921625,1.93622916666667,0.763661291666667,245.585816666667,206.481910878384,662.037658333333,1.5411,1.5411,0.801073926953143,0,0,0.010394798393533,0,0.010394798393533,363.330397618095
08-May-2023,0,0.0274200512578025,0.947628680952006,345.740769951354,-3.36060416666667,2.3330625,0.664412791666667,216.811454166667,283.352572722529,663.3028125,0,0,0.65626256662014,0.0713002823795209,0,0.0166317944035418,0,0.0274200512578025,364.421368978916
09-May-2023,0,0.0308358278514834,0.92454862640029,342.343193877749,-3.14999166666667,3.0058875,0.637654583333333,204.249245833333,331.87118506823,666.561291666667,0,0,0.623161199631902,0.161677752713507,0,0.0226981783234163,0,0.0308358278514834,369.886715942164
10-May-2023,0,0.0357953125055761,0.891936797233965,337.342296094563,-0.846504166666667,2.84150833333333,0.380554333333333,198.319691666667,338.581292995307,668.4255,0,0,0.602069333034008,0.193780232749413,0,0.0300678229498978,0,0.0357953125055761,377.826937738758
11-May-2023,0,0.0349631112538832,0.855916221082248,331.588765844482,1.3549,2.90499166666667,0.32282625,232.738258333333,307.245851791204,668.320433333333,0,0,0.622010245840227,0.21670680319246,0,0.03083338405352,0,0.0349631112538832,387.024267302314
12-May-2023,0,0.0326352193583243,0.817183356721241,324.93137882942,1.04499166666667,2.63457916666667,0.459729916666667,249.335775,288.630942134649,668.373529166666,0.1075,0.0518,0.626770477121309,0.255434609191303,0,0.0225788891907004,0,0.0326352193583243,397.226668489954
13-May-2023,0,0.0123110214197012,0.778779201309758,317.41221922314,0.401195833333333,2.25194583333333,0.734026666666667,249.0459125,268.676809497873,667.835675,0.0925,0,0.591530536276948,0.336058609590847,0,0.00708655914894221,0,0.0123110214197012,407.187684289158
14-May-2023,0,0.0172359259656815,0.738918458915621,308.733675221917,-0.998783333333333,3.02296666666667,0.804039375,251.434366666667,299.093511780012,665.417670833333,0,0,0.61234242575372,0.373258406859323,0,0.0133553498626413,0,0.0172359259656815,417.427147336023
15-May-2023,0,0.0222131502793427,0.694027140123811,296.899273771991,0.132904166666667,3.0634625,0.645588416666667,223.252695833333,326.423118513882,663.5395375,0,0,0.531631387734236,0.558864666718686,0,0.0192778249804673,0,0.0222131502793427,427.388469424836
16-May-2023,0,0.0265301836983927,0.659775559630527,287.32828814154,1.72167083333333,2.72725833333333,0.477031625,248.80655,201.564571741846,665.734566666667,0,0,0.585058130821679,0.193053361737389,0,0.0234241645783052,0,0.0265301836983927,435.012149950444
17-May-2023,0,0.0202348626448553,0.621345613134837,275.408336186491,3.2391375,2.53680833333333,0.479914208333333,233.490995833333,311.533959353569,665.201666666667,0,0,0.508674783458428,0.745201107850034,0,0.0171685532713719,0,0.0202348626448553,442.847564324323
18-May-2023,0,0.00604346352313964,0.590964307326982,264.276122968634,2.45062083333333,2.4909875,0.723574291666667,265.716691666667,292.773234770345,667.038033333333,3.9311,3.9311,0.712973617491662,0.441973928960378,0,0.00346767282175877,0,0.00604346352313964,446.715305522517
19-May-2023,0,0.0157869080213247,0.563694408511524,255.321236395105,-0.0190749999999999,2.9685625,0.788000875,251.652741666667,278.404873180595,667.326591666667,0.7233,0.6102,0.726169697638983,0.31588030620437,0,0.00858782901132565,0,0.0157869080213247,452.440559995617
20-May-2023,0,0.0061191546181032,0.545879909007214,249.317391774071,1.64125416666667,2.62899166666667,0.7899215,281.2285625,206.362495195084,667.7168625,3.9058,2.76500921713462,0.731785666136066,0.387596418011376,0,0.00207939273409171,0,0.0061191546181032,456.234516402404
21-May-2023,0,0.00996052598029,0.515964113313302,238.846898543618,3.20104166666667,2.47078333333333,0.62095225,254.123083333333,275.012281200281,668.756170833333,0.6312,0.5773,0.707441836834416,0.58369905641201,0,0.00676480110195048,0,0.00996052598029,462.450567923662
22-May-2023,0,0.0141551035796037,0.4766241807225,223.750652779016,4.38932083333333,2.83906666666667,0.557850291666667,255.176195833333,279.395886248338,668.551491666667,0.2181,0,0.68844799632219,0.65378564941857,0,0.0116682693628151,0,0.0141551035796037,468.97782567801
23-May-2023,0,-0.00666033236804971,0.445598531503318,211.248690263017,2.93159583333333,2.75837916666667,0.813003916666667,312.128329166667,105.138642389349,667.566304166667,11.9741,2.95596098986857,0.686293312376828,0.526843350284234,0,0.00794448316888607,0,-0.00666033236804971,473.571688053651
24-May-2023,0,-0.0236754387457939,0.443122758751834,207.291447478234,1.87681666666667,2.7230375,0.963570291666667,317.209408333333,122.078932826983,665.9172,44.7096,24.3752820599132,0.814983747382864,0.667454917641802,0,7.126420415402e-05,0,-0.0236754387457939,467.357356267402
25-May-2023,0,0.00202022947704713,0.49932093023615,221.256060575769,0.493491666666667,2.48586666666667,0.940036875,310.648966666667,141.518026109251,664.217970833333,23.1027,20.2065212236807,0.85,0.291770696687851,0,0.000847250711654125,0,0.00202022947704713,442.648087278316
26-May-2023,0,0.0179398673365714,0.516491469631037,226.446094958911,-0.388929166666667,2.45841666666667,0.793878625,262.584341666667,253.32515953659,664.8314625,0.6843,0.6843,0.844699714900821,0.154468590172284,0,0.0115434307539253,0,0.0179398673365714,437.933521352118
27-May-2023,0,0.0186398281381119,0.503188914578539,222.617703124477,-0.3989125,2.69018333333333,0.747685458333333,233.599608333333,288.329958776526,665.140070833333,2.9726,2.733,0.758021475972947,0.196071540755133,0,0.0141644615709781,0,0.0186398281381119,441.891995862985
28-May-2023,0,0.0347350967026463,0.489345689154744,217.6962986967,0.489583333333333,3.17838333333333,0.632209458333333,232.564808333333,299.642006649555,665.7760375,0.0489,0,0.692216097980376,0.33340181520785,0,0.018373983762756,0,0.0347350967026463,444.406193941889
29-May-2023,0,0.0362090296740497,0.461194468993469,207.944653482563,2.5195625,2.65131666666667,0.491526166666667,239.752395833333,291.613899320569,667.283920833333,0.3257,0,0.663207043339334,0.424212228136875,0,0.023619384061526,0,0.0362090296740497,450.414493350412
30-May-2023,0,0.0319120332132319,0.425525459046222,194.535848611793,3.0958875,2.59363333333333,0.515477291666667,238.161904166667,315.84818932661,667.270625,0,0,0.635174497412574,0.627560645377545,0,0.0257423172329267,0,0.0319120332132319,456.734669150311
31-May-2023,0,0.0234167929948945,0.393120671320071,182.283119477943,3.73819166666667,2.24216666666667,0.556993583333333,297.358833333333,170.185096871748,665.3767375,0.0516,0,0.709744067633756,0.350792901501748,0,0.0146098122556672,0,0.0234167929948945,463.19297048716
01-Jun-2023,0,0.005646364891826,0.356245916120604,167.271301049865,3.33219583333333,2.59945,0.724857625,279.595820833333,227.386266003839,664.8998625,6.8954,2.08214133435782,0.661706160721285,0.918055555494457,0,0.00594077418695417,0,0.005646364891826,469.089423682403
