Name	Feature	UTM_X	UTM_Y	Lat	Lon	row	col
VelinoCluster1	Cluster	345375	4683625	42.28951693	13.12445208	165	140
VelinoCluster2	Cluster	334375	4691625	42.35926258	12.98880985	133	96
VelinoCluster3	Cluster	372875	4644125	41.93885907	13.4664876	323	250
VelinoCluster4	Cluster	345875	4672375	42.18834912	13.13350158	210	142
VelinoCluster5	Cluster	324625	4713125	42.5506188	12.86392411	47	57
VelinoCluster6	Cluster	350875	4653875	42.02278062	13.19874538	284	162
VelinoCluster7	Cluster	390625	4636875	41.87623697	13.68189091	352	321
VelinoCluster8	Cluster	314625	4696625	42.39980188	12.74754669	113	17
VelinoCluster9	Cluster	352375	4714625	42.56992237	13.20135534	41	168
VelinoCluster10	Cluster	388375	4635125	41.86016491	13.65511302	359	312
VelinoCluster11	Cluster	337625	4699875	42.43420363	13.02592489	100	109
VelinoCluster12	Cluster	330625	4698625	42.42145659	12.94124295	105	81
VelinoCluster13	Cluster	363625	4673125	42.19839676	13.34819122	207	213
VelinoCluster14	Cluster	324875	4685625	42.30318192	12.87534497	157	58
VelinoCluster15	Cluster	341875	4663625	42.10878864	13.08745946	245	126
VelinoCluster16	Cluster	343625	4655125	42.03262543	13.11088562	279	133
VelinoCluster17	Cluster	333875	4702125	42.45366041	12.97971065	91	94
VelinoCluster18	Cluster	357625	4663875	42.11405582	13.27780874	244	189
VelinoCluster19	Cluster	347125	4714625	42.56890064	13.13742232	41	147
VelinoCluster20	Cluster	318625	4708125	42.50423789	12.7924814	67	33
VelinoCluster21	Cluster	331375	4678125	42.23711188	12.95633741	187	84
VelinoCluster22	Cluster	369375	4650375	41.99455815	13.42289466	298	236
VelinoCluster23	Cluster	344875	4671625	42.18140033	13.1215975	213	138
VelinoCluster24	Cluster	340125	4685625	42.30646006	13.06025357	157	119
VelinoCluster25	Cluster	313625	4701625	42.44455731	12.73378444	93	13
VelinoCluster26	Cluster	340375	4678625	42.24350373	13.06521403	185	120
VelinoCluster27	Cluster	354875	4677375	42.23508086	13.24119425	190	178
VelinoCluster28	Cluster	378375	4642125	41.9217183	13.53322545	331	272
VelinoCluster29	Cluster	397875	4642875	41.93123487	13.76820436	328	350
VelinoCluster30	Cluster	342125	4702375	42.45763481	13.07991611	90	127
VelinoCluster31	Cluster	401125	4639125	41.8978805	13.80802494	343	363
VelinoCluster32	Cluster	348875	4655625	42.03815262	13.17414858	277	154
VelinoCluster33	Cluster	392875	4651875	42.01161186	13.70627152	292	330
VelinoCluster34	Cluster	333875	4700875	42.44240997	12.98007229	96	94
VelinoCluster35	Cluster	375875	4639625	41.89881994	13.50361166	341	262
VelinoCluster36	Cluster	349375	4662375	42.09901206	13.17844959	250	156
VelinoCluster37	Cluster	326875	4711625	42.53762672	12.89176551	53	66
VelinoCluster38	Cluster	335625	4680375	42.25826973	13.00717744	178	101
VelinoCluster39	Cluster	381875	4663375	42.1135813	13.5711445	246	286
VelinoCluster40	Cluster	344625	4702875	42.46264054	13.11016966	88	137
VelinoCluster41	Cluster	380375	4665375	42.13136115	13.552596	238	280
VelinoCluster42	Cluster	386875	4637625	41.88246268	13.63656717	349	306
VelinoCluster43	Cluster	353375	4680375	42.26180652	13.22226547	178	172
VelinoCluster44	Cluster	327875	4692625	42.36685132	12.90963169	129	70
VelinoCluster45	Cluster	320125	4688375	42.32684898	12.81690135	146	39
VelinoCluster46	Cluster	317375	4694375	42.38020498	12.78165032	122	28
VelinoCluster47	Cluster	345625	4695625	42.39758207	13.12427375	117	141
VelinoCluster48	Cluster	347125	4719625	42.61390546	13.13608134	21	147
VelinoCluster49	Cluster	347375	4679625	42.25390492	13.14975279	181	148
VelinoCluster50	Cluster	340875	4693875	42.38087183	13.06707404	124	122
VelinoCluster51	Cluster	343875	4690375	42.34997629	13.1044438	138	134
VelinoCluster52	Cluster	391875	4633875	41.84939521	13.69749967	364	326
VelinoCluster53	Cluster	361625	4675125	42.2160504	13.32350055	199	205
VelinoCluster54	Cluster	321125	4712125	42.54081712	12.82163668	51	43
VelinoCluster55	Cluster	353625	4662125	42.09756573	13.22988457	251	173
VelinoCluster56	Cluster	341125	4698625	42.42367731	13.06879795	105	123
VelinoCluster57	Cluster	340625	4669375	42.16029344	13.07077808	222	121
VelinoCluster58	Cluster	373625	4644875	41.94573221	13.47537087	320	253
VelinoCluster59	Cluster	335875	4673625	42.19756646	13.01211445	205	102
VelinoCluster60	Cluster	333375	4673125	42.19253747	12.98199569	207	92
VelinoCluster61	Cluster	326125	4689625	42.339462	12.88929681	141	63
VelinoCluster62	Cluster	358625	4644875	41.94318704	13.29447932	320	193
VelinoCluster63	Cluster	347875	4710625	42.53304446	13.14762073	57	150
VelinoCluster64	Cluster	358375	4674125	42.20646595	13.28438539	203	192
VelinoCluster65	Cluster	313625	4697375	42.4063118	12.73516223	110	13
VelinoCluster66	Cluster	336125	4665625	42.12561084	13.01739084	237	103
VelinoCluster67	Cluster	345625	4705125	42.48309282	13.12172062	79	141
VelinoCluster68	Cluster	391875	4640875	41.91242686	13.6962188	336	326
VelinoCluster69	Cluster	346125	4668875	42.15689264	13.13745251	224	143
VelinoCluster70	Cluster	339125	4656125	42.04071942	13.05627806	275	115
VelinoCluster71	Cluster	328875	4664125	42.11056123	12.93017197	243	74
VelinoCluster72	Cluster	380625	4664625	42.12464657	13.55577337	241	281
VelinoCluster73	Cluster	379375	4638375	41.88810704	13.54604792	346	276
VelinoCluster74	Cluster	341375	4684875	42.29996473	13.07561703	160	124
VelinoCluster75	Cluster	354125	4651375	42.00088389	13.23860464	294	175
VelinoCluster76	Cluster	349375	4662125	42.09676158	13.17851402	251	156
VelinoCluster77	Cluster	351625	4717625	42.59678236	13.19144126	29	165
VelinoCluster78	Cluster	346875	4697375	42.41358174	13.13898833	110	146
VelinoCluster79	Cluster	367875	4655875	42.0438252	13.40355274	276	230
VelinoCluster80	Cluster	331375	4701875	42.45087058	12.94939971	92	84
VelinoCluster81	Cluster	330375	4704375	42.47315266	12.93650761	82	80
VelinoCluster82	Cluster	329625	4687375	42.31998546	12.93242047	150	77
VelinoCluster83	Cluster	332625	4687875	42.32513623	12.96865965	148	89
VelinoCluster84	Cluster	347125	4655125	42.03331343	13.15314648	279	147
VelinoCluster85	Cluster	390125	4631125	41.82439182	13.67693433	375	319
VelinoCluster86	Cluster	391125	4630125	41.81552528	13.68915651	379	323
VelinoCluster87	Cluster	314375	4711125	42.53022664	12.73982007	55	16
VelinoCluster88	Cluster	328875	4709875	42.52232234	12.91662851	60	74
VelinoCluster89	Cluster	353375	4681625	42.27305889	13.22194918	173	172
VelinoCluster90	Cluster	341125	4676875	42.22790458	13.07477867	192	123
VelinoCluster91	Cluster	352375	4670375	42.17159868	13.21268779	218	168
VelinoCluster92	Cluster	343375	4711625	42.54114663	13.09258071	53	132
VelinoCluster93	Cluster	347875	4687625	42.32601478	13.15370861	149	150
VelinoCluster94	Cluster	350125	4666875	42.13966448	13.18636001	232	159
VelinoCluster95	Cluster	331625	4683625	42.28666872	12.95776788	165	85
VelinoCluster96	Cluster	360625	4670375	42.1731111	13.31252826	218	201
VelinoCluster97	Cluster	375375	4639375	41.89649031	13.49763868	342	260
VelinoCluster98	Cluster	359375	4646375	41.95682525	13.30316513	314	196
VelinoCluster99	Cluster	337375	4692375	42.36664623	13.02500626	130	108
VelinoCluster100	Cluster	346625	4649125	41.97920444	13.14867624	303	145
VelinoCluster101	Cluster	325125	4709625	42.51923356	12.87108065	61	59
VelinoCluster102	Cluster	388875	4639875	41.90300614	13.66024226	340	314
VelinoCluster103	Cluster	333875	4699625	42.43115951	12.98043372	101	94
VelinoCluster104	Cluster	335375	4675375	42.21321291	13.00556641	198	100
VelinoCluster105	Cluster	325375	4713625	42.55528847	12.87290014	45	60
VelinoCluster106	Cluster	396125	4641125	41.9152484	13.74740961	335	343
VelinoCluster107	Cluster	326125	4702375	42.45421084	12.88544614	90	63
VelinoCluster108	Cluster	325875	4689125	42.33490611	12.88641478	143	62
VelinoCluster109	Cluster	349625	4682625	42.28134666	13.17623717	169	157
VelinoCluster110	Cluster	385125	4639875	41.90246982	13.61504363	340	299
VelinoCluster111	Cluster	389375	4638625	41.89182082	13.66650305	345	316
VelinoCluster112	Cluster	337875	4686625	42.314996	13.03268968	153	110
VelinoCluster113	Cluster	318625	4690625	42.34674984	12.79800254	137	33
VelinoCluster114	Cluster	339875	4697375	42.41216937	13.05396013	110	118
VelinoCluster115	Cluster	340875	4706375	42.49338226	13.0636119	74	122
VelinoCluster116	Cluster	356125	4681125	42.26906995	13.25540614	175	183
VelinoCluster117	Cluster	347125	4675625	42.21784968	13.14777716	197	147
VelinoCluster118	Cluster	335625	4688125	42.32802548	13.0049763	147	101
VelinoCluster119	Cluster	345125	4663375	42.10718655	13.12681432	246	139
VelinoCluster120	Cluster	347875	4656875	42.04921227	13.1617484	272	150
VelinoCluster121	Cluster	364125	4674125	42.20748641	13.35401121	203	215
VelinoCluster122	Cluster	334125	4667125	42.13869168	12.99278211	231	95
VelinoCluster123	Cluster	313125	4695875	42.3926932	12.72957777	116	11
VelinoCluster124	Cluster	335875	4677625	42.23357003	13.01098456	189	102
VelinoCluster125	Cluster	337625	4660375	42.07866658	13.03698667	258	109
VelinoCluster126	Cluster	339375	4705625	42.48632199	13.04557896	77	116
VelinoCluster127	Cluster	329875	4704625	42.47529302	12.93035478	81	78
VelinoCluster128	Cluster	341375	4689875	42.34497006	13.07424455	140	124
VelinoCluster129	Cluster	346375	4718875	42.6070057	13.12714409	24	144
VelinoCluster130	Cluster	328375	4682125	42.27245972	12.91881789	171	72
VelinoCluster131	Cluster	391125	4628625	41.80201837	13.68943188	385	323
VelinoCluster132	Cluster	348875	4667125	42.14167489	13.17117639	231	154
VelinoCluster133	Cluster	322125	4711125	42.53204854	12.83411748	55	47
VelinoCluster134	Cluster	354375	4675875	42.22148475	13.23551362	196	176
VelinoCluster135	Cluster	332375	4672375	42.1855733	12.97010805	210	88
VelinoCluster136	Cluster	331125	4678375	42.239308	12.95323664	186	83
VelinoCluster137	Cluster	384875	4642875	41.92944589	13.61144492	328	298
VelinoCluster138	Cluster	326125	4684625	42.29446175	12.89080075	161	63
VelinoCluster139	Cluster	360875	4666375	42.13714547	13.31650874	234	202
VelinoCluster140	Cluster	334125	4695125	42.39071104	12.9847686	119	95
VelinoCluster141	Cluster	349125	4710625	42.53328945	13.16283395	57	155
VelinoCluster142	Cluster	341625	4704875	42.48003488	13.07314814	80	125
VelinoCluster143	Cluster	345375	4690625	42.35252619	13.12257919	137	140
VelinoCluster144	Cluster	317625	4689625	42.33751671	12.78618662	141	29
VelinoCluster145	Cluster	315625	4700875	42.43828611	12.75832587	96	21
VelinoCluster146	Cluster	399375	4641125	41.91566918	13.78659154	335	356
VelinoCluster147	Cluster	354625	4666125	42.13376054	13.24097627	235	177
VelinoCluster148	Cluster	349375	4670125	42.16877672	13.17644876	219	156
VelinoCluster149	Cluster	342875	4701625	42.45103652	13.08923801	93	130
VelinoCluster150	Cluster	311875	4709875	42.51837411	12.70981453	60	6
VelinoCluster151	Cluster	353125	4656375	42.04570954	13.22528384	274	171
VelinoCluster152	Cluster	352625	4648625	41.97584817	13.22119056	305	169
VelinoCluster153	Cluster	326125	4713375	42.55320775	12.88210588	46	63
VelinoCluster154	Cluster	350125	4646875	41.95962286	13.19147586	312	159
VelinoCluster155	Cluster	350125	4657875	42.05864651	13.18866792	268	159
VelinoCluster156	Cluster	361375	4674625	42.21150487	13.32059219	201	204
VelinoCluster157	Cluster	344875	4658375	42.06212866	13.12511828	266	138
VelinoCluster158	Cluster	362125	4660875	42.0878517	13.3329266	256	207
VelinoCluster159	Cluster	376125	4663875	42.11719596	13.50150816	244	263
VelinoCluster160	Cluster	329125	4707875	42.50437779	12.92026734	68	75
VelinoCluster161	Cluster	328125	4693375	42.3736567	12.91244225	126	71
VelinoCluster162	Cluster	347875	4692375	42.36877158	13.15245658	130	150
VelinoCluster163	Cluster	350625	4712625	42.55158329	13.18056726	49	161
VelinoCluster164	Cluster	348125	4675375	42.21579423	13.15995237	198	151
VelinoCluster165	Cluster	387625	4637125	41.87806746	13.64569914	351	309
VelinoCluster166	Cluster	369125	4646875	41.9630052	13.42065639	312	235
VelinoCluster167	Cluster	329875	4712875	42.54954275	12.9279025	48	78
VelinoCluster168	Cluster	384875	4644375	41.94295206	13.61115186	322	298
VelinoCluster169	Cluster	349625	4715375	42.57614249	13.16766853	38	157
VelinoCluster170	Cluster	340375	4667375	42.14223992	13.06830118	230	120
VelinoCluster171	Cluster	331875	4693125	42.37222671	12.95803349	127	86
VelinoCluster172	Cluster	390875	4633625	41.84700686	13.68550256	365	322
VelinoCluster173	Cluster	321875	4692875	42.36774991	12.83673715	128	46
VelinoCluster174	Cluster	382875	4635625	41.86387201	13.58876753	357	290
VelinoCluster175	Cluster	337375	4705125	42.48140425	13.02139964	79	108
VelinoCluster176	Cluster	393125	4645875	41.95761942	13.7103809	316	331
VelinoCluster177	Cluster	344375	4686375	42.31407151	13.11158898	154	136
VelinoCluster178	Cluster	385875	4633375	41.84405077	13.62533814	366	302
VelinoCluster179	Cluster	337625	4673875	42.20018199	13.03322852	204	109
VelinoCluster180	Cluster	380125	4660125	42.08405401	13.5506494	259	279
VelinoCluster181	Cluster	378125	4643375	41.93293452	13.52995304	326	271
VelinoCluster182	Cluster	314875	4710625	42.5258471	12.74606536	57	18
VelinoCluster183	Cluster	347375	4648125	41.97034801	13.15798413	307	148
VelinoCluster184	Cluster	350625	4685125	42.30404308	13.1877141	159	161
VelinoCluster185	Cluster	354125	4656375	42.04589571	13.23736147	274	175
VelinoCluster186	Cluster	351125	4669625	42.1646105	13.19775284	221	163
VelinoCluster187	Cluster	360375	4671125	42.17981839	13.30932279	215	200
VelinoCluster188	Cluster	346625	4694125	42.38427827	13.13681746	123	145
VelinoCluster189	Cluster	336875	4705375	42.48354921	13.01524872	78	106
VelinoCluster190	Cluster	342375	4655625	42.03687676	13.09565842	277	128
VelinoCluster191	Cluster	380625	4664125	42.12014476	13.55587562	243	281
VelinoCluster192	Cluster	391375	4629625	41.81105728	13.69225732	381	324
VelinoCluster193	Cluster	343875	4658375	42.06193062	13.11303833	266	134
VelinoCluster194	Cluster	326125	4696875	42.40471165	12.88710997	112	63
VelinoCluster195	Cluster	336375	4682625	42.27867921	13.01562954	169	104
VelinoCluster196	Cluster	350375	4679875	42.25673619	13.18603893	180	160
VelinoCluster197	Cluster	348125	4719125	42.60960264	13.14840092	23	151
VelinoCluster198	Cluster	333875	4696875	42.40640839	12.98122814	112	94
VelinoCluster199	Cluster	340875	4674125	42.20310035	13.07250401	203	122
VelinoCluster200	Cluster	386125	4637875	41.88460609	13.62748215	348	303
VelinoCluster201	Cluster	357125	4680375	42.26250214	13.26771141	178	187
VelinoCluster202	Cluster	313125	4708125	42.5029293	12.72559132	67	11
VelinoCluster203	Cluster	322125	4687625	42.32055863	12.8413889	149	47
VelinoCluster204	Cluster	322375	4712875	42.54785495	12.83661561	48	48
VelinoCluster205	Cluster	329375	4666625	42.13317169	12.93548523	233	76
VelinoCluster206	Cluster	339625	4698875	42.42561894	13.05050519	104	117
VelinoCluster207	Cluster	364625	4669875	42.16931177	13.36105471	220	217
VelinoCluster208	Cluster	356375	4652625	42.01255064	13.26545483	289	184
VelinoCluster209	Cluster	355875	4672125	42.18800476	13.25461009	211	182
VelinoCluster210	Cluster	313375	4691375	42.3522577	12.73406967	134	12
VelinoCluster211	Cluster	349125	4695875	42.40052022	13.16671343	116	155
VelinoCluster212	Cluster	342125	4685875	42.30911817	13.08443788	156	127
VelinoCluster213	Cluster	329625	4706375	42.49098808	12.92679519	74	77
VelinoCluster214	Cluster	356625	4648125	41.97208469	13.26957068	307	185
VelinoCluster215	Cluster	343625	4651625	42.00111934	13.11181815	293	133
VelinoCluster216	Cluster	341875	4703875	42.47108513	13.07646384	84	126
VelinoCluster217	Cluster	313875	4707625	42.49861063	12.73487493	69	14
VelinoCluster218	Cluster	346875	4652875	42.01301047	13.15071501	288	146
VelinoCluster219	Cluster	341875	4712375	42.54759171	13.07411576	50	126
VelinoCluster220	Cluster	338625	4703625	42.4681648	13.03702138	85	113
VelinoCluster221	Cluster	349375	4671375	42.180029	13.17612538	214	156
VelinoCluster222	Cluster	346375	4661125	42.08717832	13.14251648	255	144
VelinoCluster223	Cluster	374125	4642375	41.92330314	13.48193496	330	255
VelinoCluster224	Cluster	343375	4677375	42.23285957	13.10189431	190	132
VelinoCluster225	Cluster	339875	4672875	42.19164473	13.06074178	208	118
VelinoCluster226	Cluster	354375	4670875	42.17647436	13.23676577	216	176
VelinoCluster227	Cluster	336125	4688375	42.33038106	13.01097034	146	103
VelinoCluster228	Cluster	348375	4688625	42.3351138	13.15951141	145	152
VelinoCluster229	Cluster	390875	4653625	42.02709456	13.68179856	285	322
VelinoCluster230	Cluster	331375	4666625	42.13360447	12.95966973	233	84
VelinoCluster231	Cluster	367875	4658125	42.06408213	13.40304524	267	230
VelinoCluster232	Cluster	318125	4696875	42.4028792	12.78996445	112	31
VelinoCluster233	Cluster	355625	4678375	42.24422193	13.25003077	186	181
VelinoCluster234	Cluster	346375	4711125	42.53724833	13.12923075	55	144
VelinoCluster235	Cluster	371875	4663625	42.11426235	13.45016949	245	246
VelinoCluster236	Cluster	386125	4654375	42.03317435	13.62428983	282	303
VelinoCluster237	Cluster	350125	4677125	42.23193342	13.18371997	191	159
VelinoCluster238	Cluster	322375	4691875	42.35886459	12.84311328	132	48
VelinoCluster239	Cluster	382375	4639875	41.90206522	13.58189876	340	288
VelinoCluster240	Cluster	329125	4698875	42.42337779	12.92294771	104	75
VelinoCluster241	Cluster	378625	4652875	42.01854724	13.5340214	288	273
VelinoCluster242	Cluster	329875	4675125	42.20978518	12.93904813	199	78
VelinoCluster243	Cluster	395375	4650375	41.99844144	13.73672363	298	340
VelinoCluster244	Cluster	354125	4663375	42.10891161	13.23561624	246	175
VelinoCluster245	Cluster	321375	4708375	42.5071274	12.8258501	66	44
VelinoCluster246	Cluster	324625	4704625	42.47412222	12.86652862	81	57
VelinoCluster247	Cluster	383375	4646875	41.96524182	13.59256612	312	292
VelinoCluster248	Cluster	359375	4656375	42.04685227	13.30077085	274	196
VelinoCluster249	Cluster	344375	4667875	42.14754532	13.11654801	228	136
VelinoCluster250	Cluster	341625	4663625	42.10873822	13.08443731	245	125
VelinoCluster251	Cluster	349375	4718875	42.60759761	13.16369889	24	156
VelinoCluster252	Cluster	351125	4709625	42.5246759	13.18743586	61	163
VelinoCluster253	Cluster	394125	4652875	42.02078538	13.72118347	288	335
VelinoCluster254	Cluster	347875	4694125	42.384524	13.15199462	123	150
VelinoCluster255	Cluster	316125	4692875	42.36641142	12.76695619	128	23
VelinoCluster256	Cluster	371625	4662375	42.10296749	13.44742121	250	245
VelinoCluster257	Cluster	340125	4684375	42.29520878	13.06059902	162	119
VelinoCluster258	Cluster	394875	4644375	41.94434785	13.73176023	322	338
VelinoCluster259	Cluster	315375	4710875	42.52821636	12.75206769	56	20
VelinoCluster260	Cluster	324125	4687125	42.3165129	12.86579571	151	55
VelinoCluster261	Cluster	357875	4671375	42.18161893	13.27900311	214	190
VelinoCluster262	Cluster	353125	4714125	42.56556474	13.21061758	43	171
VelinoCluster263	Cluster	390875	4645125	41.95055801	13.68337689	319	322
VelinoCluster264	Cluster	352875	4665625	42.12893297	13.21993734	237	170
VelinoCluster265	Cluster	376125	4645125	41.94837963	13.50546909	319	263
VelinoCluster266	Cluster	327875	4701625	42.44785144	12.90693948	93	70
VelinoCluster267	Cluster	341125	4657125	42.05012755	13.08015815	271	123
VelinoCluster268	Cluster	335375	4692625	42.36847549	13.00066022	129	100
VelinoCluster269	Cluster	385875	4657625	42.06240104	13.62063744	269	302
VelinoCluster270	Cluster	355125	4681125	42.26888489	13.24328588	175	179
VelinoCluster271	Cluster	379375	4655375	42.04117182	13.54256294	278	276
VelinoCluster272	Cluster	361375	4656625	42.04945815	13.32486846	273	204
VelinoCluster273	Cluster	319875	4707625	42.50003022	12.80784158	69	38
VelinoCluster274	Cluster	356375	4658625	42.06656544	13.26398481	265	184
VelinoCluster275	Cluster	336375	4661125	42.08515802	13.02167385	255	104
VelinoCluster276	Cluster	366625	4651125	42.0008496	13.38953471	295	225
VelinoCluster277	Cluster	387875	4634625	41.85559203	13.64918527	361	310
VelinoCluster278	Cluster	317375	4689625	42.3374581	12.78315412	141	28
VelinoCluster279	Cluster	356625	4668625	42.15663468	13.26455053	225	185
VelinoCluster280	Cluster	334375	4679375	42.24900474	12.99231748	182	96
VelinoCluster281	Cluster	333625	4684625	42.29609866	12.98172389	161	93
VelinoCluster282	Cluster	320375	4702375	42.45289982	12.815567	90	40
VelinoCluster283	Cluster	377375	4644375	41.94182211	13.52070139	322	268
VelinoCluster284	Cluster	334125	4668625	42.15219303	12.99235541	225	95
VelinoCluster285	Cluster	334875	4687875	42.32561662	12.99595037	148	98
VelinoCluster286	Cluster	342875	4695125	42.39253009	13.09101431	119	130
VelinoCluster287	Cluster	350375	4679375	42.25223532	13.18616794	182	160
VelinoCluster288	Cluster	382125	4659625	42.07985495	13.5749239	261	287
VelinoCluster289	Cluster	331125	4688125	42.32706245	12.95039313	147	83
VelinoCluster290	Cluster	339125	4696125	42.40076334	13.0451998	115	115
VelinoCluster291	Cluster	342625	4660625	42.08193483	13.09733357	257	129
VelinoCluster292	Cluster	351625	4659125	42.07018383	13.20647094	263	165
VelinoCluster293	Cluster	322875	4708875	42.51197197	12.84394015	64	50
VelinoCluster294	Cluster	397625	4640625	41.91094191	13.76558024	337	349
VelinoCluster295	Cluster	368125	4661125	42.09113328	13.40538958	255	231
VelinoCluster296	Cluster	355875	4666625	42.13849252	13.2559708	233	182
VelinoCluster297	Cluster	349125	4712875	42.55354208	13.16223986	48	155
VelinoCluster298	Cluster	356625	4653125	42.01709747	13.26835058	287	185
VelinoCluster299	Cluster	322125	4710375	42.525299	12.83435076	58	47
VelinoCluster300	Cluster	345875	4688375	42.33237245	13.12924763	146	142
VelinoCluster301	Cluster	377125	4666125	42.13761099	13.51312727	235	267
VelinoCluster302	Cluster	321875	4705625	42.48249423	12.83278673	77	46
VelinoCluster303	Cluster	396875	4643875	41.94010949	13.75597044	324	346
VelinoCluster304	Cluster	364375	4660625	42.08599292	13.3601789	257	216
VelinoCluster305	Cluster	316375	4691375	42.35297159	12.77046755	134	24
VelinoCluster306	Cluster	323625	4684125	42.28940015	12.8606471	163	53
VelinoCluster307	Cluster	349375	4676875	42.22953873	13.17470031	192	156
VelinoCluster308	Cluster	384375	4651625	42.00815816	13.60369624	293	296
VelinoCluster309	Cluster	331875	4688625	42.33172497	12.95934463	145	86
VelinoCluster310	Cluster	397125	4639625	41.90187225	13.75972701	341	347
VelinoCluster311	Cluster	325625	4698125	42.41584935	12.88065925	107	61
VelinoCluster312	Cluster	333625	4674875	42.20834203	12.98452092	200	93
VelinoCluster313	Cluster	367125	4660375	42.08421241	13.39347275	258	227
VelinoCluster314	Cluster	374875	4648375	41.97744403	13.48970206	306	258
VelinoCluster315	Cluster	391375	4657625	42.06318067	13.68709544	269	324
VelinoCluster316	Cluster	367625	4650875	41.99876755	13.40166121	296	229
VelinoCluster317	Cluster	330375	4703125	42.46190256	12.93687723	87	80
VelinoCluster318	Cluster	316125	4708125	42.50364791	12.76207627	67	23
VelinoCluster319	Cluster	343875	4707125	42.50074384	13.09989468	71	134
VelinoCluster320	Cluster	325875	4691625	42.35740606	12.88566061	133	62
VelinoCluster321	Cluster	387125	4655375	42.04232255	13.63617485	278	307
VelinoCluster322	Cluster	339875	4695875	42.39866813	13.05437752	116	118
VelinoCluster323	Cluster	342875	4653625	42.01897346	13.10223167	285	130
VelinoCluster324	Cluster	372125	4652125	42.01076536	13.45570406	291	247
VelinoCluster325	Cluster	315375	4701875	42.44722569	12.75496715	92	20
VelinoCluster326	Cluster	320125	4691375	42.35384772	12.81596675	134	39
VelinoCluster327	Cluster	369125	4661375	42.09355142	13.41742097	254	235
VelinoCluster328	Cluster	384875	4637375	41.87992295	13.61251775	350	298
VelinoCluster329	Cluster	357125	4676625	42.22874404	13.26863498	193	187
VelinoCluster330	Cluster	322125	4697625	42.41055541	12.83830424	109	47
VelinoCluster331	Cluster	332875	4682375	42.27568693	12.97328072	170	90
VelinoCluster332	Cluster	378875	4658625	42.07035677	13.53585155	265	274
VelinoCluster333	Cluster	317875	4703875	42.46581534	12.78471023	84	30
VelinoCluster334	Cluster	316875	4702875	42.45658053	12.77287468	88	26
VelinoCluster335	Cluster	364625	4655375	42.03877089	13.36441422	278	217
VelinoCluster336	Cluster	342875	4707875	42.50729209	13.08752503	68	130
VelinoCluster337	Cluster	396375	4643625	41.93779283	13.74998414	325	344
VelinoCluster338	Cluster	329375	4674125	42.20067574	12.93328827	203	76
VelinoCluster339	Cluster	358125	4660875	42.08713903	13.2845825	256	191
VelinoCluster340	Cluster	329875	4675875	42.21653555	12.93882856	196	78
VelinoCluster341	Cluster	350375	4673375	42.19822455	13.18771385	206	160
VelinoCluster342	Cluster	358125	4672875	42.19516776	13.28166327	208	191
VelinoCluster343	Cluster	388875	4644125	41.9412745	13.65944135	323	314
VelinoCluster344	Cluster	326625	4695375	42.39132354	12.89363361	118	65
VelinoCluster345	Cluster	334625	4687125	42.3188131	12.99313266	151	97
VelinoCluster346	Cluster	326125	4701125	42.44296106	12.88582465	95	63
VelinoCluster347	Cluster	343375	4707125	42.50064281	13.09381275	71	132
VelinoCluster348	Cluster	348375	4713875	42.56239633	13.15284341	44	152
VelinoCluster349	Cluster	393375	4648875	41.98466657	13.712853	304	332
VelinoCluster350	Cluster	373875	4655875	42.04481058	13.47602448	276	254
VelinoCluster351	Cluster	395125	4650125	41.99615707	13.7337504	299	339
VelinoCluster352	Cluster	379875	4649125	41.9849749	13.54988132	303	278
VelinoCluster353	Cluster	354375	4663625	42.11120861	13.23857632	245	176
VelinoCluster354	Cluster	331125	4677875	42.23480774	12.95338212	188	83
VelinoCluster355	Cluster	387625	4647125	41.96811011	13.64379335	311	309
VelinoCluster356	Cluster	344625	4668875	42.1565965	13.1193055	224	137
VelinoCluster357	Cluster	336625	4689625	42.34173707	13.01668191	141	105
VelinoCluster358	Cluster	329125	4701875	42.45037793	12.92205548	92	75
VelinoCluster359	Cluster	380875	4642125	41.92209943	13.56336573	331	282
VelinoCluster360	Cluster	335375	4667875	42.14570598	13.0076875	228	100
VelinoCluster361	Cluster	349625	4692625	42.37136241	13.1736344	129	157
VelinoCluster362	Cluster	347125	4682875	42.28311094	13.14586619	168	147
VelinoCluster363	Cluster	382375	4662125	42.1024018	13.57744246	251	288
VelinoCluster364	Cluster	346125	4706625	42.49669396	13.12739812	73	143
VelinoCluster365	Cluster	316625	4703875	42.46552054	12.76951693	84	25
VelinoCluster366	Cluster	388375	4650625	41.99973135	13.65217773	297	312
VelinoCluster367	Cluster	345625	4715875	42.5798533	13.11881812	36	141
VelinoCluster368	Cluster	383375	4665375	42.13181325	13.58888374	238	292
VelinoCluster369	Cluster	332625	4671875	42.18112645	12.97327744	212	89
VelinoCluster370	Cluster	391125	4652875	42.020376	13.68495692	288	323
VelinoCluster371	Cluster	353375	4679625	42.25505508	13.22245515	181	172
VelinoCluster372	Cluster	347625	4719875	42.6162547	13.14210752	20	149
VelinoCluster373	Cluster	356625	4666625	42.13863009	13.26504237	233	185
VelinoCluster374	Cluster	358875	4654125	42.02650679	13.29527331	283	194
VelinoCluster375	Cluster	396125	4637875	41.88598323	13.7479815	348	343
VelinoCluster376	Cluster	342125	4690125	42.34737286	13.08327644	139	127
VelinoCluster377	Cluster	349875	4688375	42.33315416	13.17777505	146	158
VelinoCluster378	Cluster	340625	4703625	42.46857879	13.06133592	85	121
VelinoCluster379	Cluster	373875	4660625	42.08757658	13.4750011	257	254
VelinoCluster380	Cluster	332125	4662375	42.09551196	12.96996069	250	87
VelinoCluster381	Cluster	346375	4651125	41.99715966	13.14513738	295	144
VelinoCluster382	Cluster	313875	4704375	42.46936434	12.73593026	82	14
VelinoCluster383	Cluster	393875	4637625	41.88343324	13.72091332	349	334
VelinoCluster384	Cluster	346125	4699125	42.42918552	13.12940954	103	143
VelinoCluster385	Cluster	385125	4643875	41.93848644	13.61426446	324	299
VelinoCluster386	Cluster	392875	4656375	42.05213128	13.70544945	274	330
VelinoCluster387	Cluster	343875	4696875	42.40848362	13.10268262	112	134
VelinoCluster388	Cluster	364375	4663375	42.11075066	13.35954076	246	216
VelinoCluster389	Cluster	342625	4694875	42.39022922	13.08804691	120	129
VelinoCluster390	Cluster	345375	4690875	42.35477651	13.12251219	136	140
VelinoCluster391	Cluster	346875	4721125	42.62735719	13.13263126	15	146
VelinoCluster392	Cluster	393375	4648375	41.98016436	13.71294369	306	332
VelinoCluster393	Cluster	358875	4654875	42.03325876	13.29509284	280	194
VelinoCluster394	Cluster	327125	4710875	42.53093287	12.89503468	56	67
VelinoCluster395	Cluster	371875	4667625	42.15027497	13.44929109	229	246
VelinoCluster396	Cluster	391875	4639125	41.89666902	13.6965394	343	326
VelinoCluster397	Cluster	384375	4663375	42.11395383	13.60137601	246	296
VelinoCluster398	Cluster	351875	4651375	42.00046388	13.21144929	294	166
VelinoCluster399	Cluster	341125	4669375	42.16039504	13.07682723	222	123
VelinoCluster400	Cluster	375375	4659125	42.07431101	13.49345132	263	260
VelinoCluster401	Cluster	366625	4665875	42.13364369	13.38617402	236	225
VelinoCluster402	Cluster	346875	4718625	42.60485493	13.13330369	25	146
VelinoCluster403	Cluster	333125	4666625	42.13397897	12.9808316	233	91
VelinoCluster404	Cluster	352375	4653375	42.01856234	13.21698088	286	168
VelinoCluster405	Cluster	398125	4647625	41.97403933	13.77039719	309	351
VelinoCluster406	Cluster	324375	4710125	42.5235634	12.86180286	59	56
VelinoCluster407	Cluster	360125	4665875	42.13251071	13.30755702	236	199
VelinoCluster408	Cluster	362375	4674375	42.20943094	13.33276116	202	208
VelinoCluster409	Cluster	391375	4633375	41.84482448	13.69156982	366	324
VelinoCluster410	Cluster	336625	4704125	42.4722459	13.01256493	83	105
VelinoCluster411	Cluster	344625	4707875	42.5076455	13.10881412	68	137
VelinoCluster412	Cluster	318875	4712375	42.54254288	12.79417628	50	34
VelinoCluster413	Cluster	389625	4659625	42.08094499	13.66557222	261	317
VelinoCluster414	Cluster	384125	4665875	42.13642636	13.59785649	236	295
VelinoCluster415	Cluster	354625	4658375	42.06399299	13.24290396	266	177
VelinoCluster416	Cluster	349875	4710875	42.53568577	13.17189632	56	158
VelinoCluster417	Cluster	364625	4665875	42.13330082	13.36198369	236	217
VelinoCluster418	Cluster	328375	4710875	42.53121138	12.91024508	56	72
VelinoCluster419	Cluster	334125	4678375	42.23995094	12.98957472	186	95
VelinoCluster420	Cluster	345125	4686625	42.31647132	13.12061802	153	139
VelinoCluster421	Cluster	337625	4681875	42.27218978	13.03099049	172	109
VelinoCluster422	Cluster	373375	4641625	41.91643052	13.47305401	333	252
VelinoCluster423	Cluster	332875	4700875	42.44219511	12.96792061	96	90
VelinoCluster424	Cluster	389875	4641625	41.91890382	13.6719688	333	318
VelinoCluster425	Cluster	331375	4685875	42.3068657	12.95408181	156	84
VelinoCluster426	Cluster	332375	4660375	42.07756362	12.97355522	258	88
VelinoCluster427	Cluster	392625	4648875	41.98456471	13.70380145	304	329
VelinoCluster428	Cluster	335125	4702875	42.4606776	12.9946877	88	99
VelinoCluster429	Cluster	371125	4665875	42.13439652	13.44060377	236	243
VelinoCluster430	Cluster	343375	4651625	42.00106966	13.10880106	293	132
VelinoCluster431	Cluster	315125	4689125	42.33242733	12.75602211	143	19
VelinoCluster432	Cluster	395875	4652625	42.01876779	13.74236033	289	342
VelinoCluster433	Cluster	352375	4680375	42.26161798	13.21014682	178	168
VelinoCluster434	Cluster	340625	4687125	42.32006405	13.06590317	151	121
VelinoCluster435	Cluster	314375	4690875	42.34799738	12.74636297	136	16
VelinoCluster436	Cluster	389875	4653375	42.02470416	13.66976889	286	318
VelinoCluster437	Cluster	323125	4714625	42.56377597	12.84520194	41	51
VelinoCluster438	Cluster	355375	4651125	41.99886384	13.25375275	295	180
VelinoCluster439	Cluster	400875	4640625	41.91135646	13.8047598	337	362
VelinoCluster440	Cluster	369875	4649125	41.9833868	13.42920599	303	238
VelinoCluster441	Cluster	372375	4662125	42.10083903	13.45654319	251	248
VelinoCluster442	Cluster	362375	4660875	42.08789556	13.33594817	256	208
VelinoCluster443	Cluster	384375	4666625	42.1432161	13.60073205	233	296
VelinoCluster444	Cluster	381125	4637875	41.88387012	13.56723572	348	283
VelinoCluster445	Cluster	346375	4674375	42.20645065	13.1390253	202	144
VelinoCluster446	Cluster	391875	4643625	41.93718909	13.69571448	325	326
VelinoCluster447	Cluster	378875	4664125	42.1198764	13.53471187	243	274
VelinoCluster448	Cluster	353125	4660625	42.08396903	13.22421766	257	171
VelinoCluster449	Cluster	347875	4697625	42.41602869	13.15106958	109	150
VelinoCluster450	Cluster	387625	4658875	42.07390831	13.6415429	264	309
VelinoCluster451	Cluster	347625	4658625	42.06491721	13.15827369	265	149
VelinoCluster452	Cluster	353875	4665375	42.12686946	13.23209332	238	174
VelinoCluster453	Cluster	331125	4672875	42.18980483	12.95483509	208	83
VelinoCluster454	Cluster	365875	4649375	41.98496683	13.38088161	302	222
VelinoCluster455	Cluster	338875	4703875	42.47046699	13.03999044	84	114
VelinoCluster456	Cluster	345125	4710625	42.53249839	13.11415231	57	139
VelinoCluster457	Cluster	380125	4644875	41.94674664	13.5537642	320	279
VelinoCluster458	Cluster	344875	4693125	42.37492969	13.11583897	127	138
VelinoCluster459	Cluster	346875	4658125	42.06027047	13.1493439	267	146
VelinoCluster460	Cluster	323375	4688875	42.33209291	12.85616589	144	52
VelinoCluster461	Cluster	359375	4666875	42.14137899	13.29824505	232	196
VelinoCluster462	Cluster	347875	4681625	42.27200568	13.15528624	173	150
VelinoCluster463	Cluster	370375	4668125	42.15452972	13.43103181	227	240
VelinoCluster464	Cluster	352625	4684625	42.29992303	13.21209487	161	169
VelinoCluster465	Cluster	392875	4656875	42.05663342	13.70535801	272	330
VelinoCluster466	Cluster	394625	4642375	41.9263054	13.72910256	330	337
VelinoCluster467	Cluster	357875	4676625	42.22888085	13.27771952	193	190
VelinoCluster468	Cluster	379125	4662875	42.10866054	13.53799398	248	275
VelinoCluster469	Cluster	344375	4704375	42.47609188	13.10672352	82	136
VelinoCluster470	Cluster	382125	4645375	41.95154999	13.57778594	318	287
VelinoCluster471	Cluster	332125	4662875	42.10001239	12.96981709	248	87
VelinoCluster472	Cluster	326125	4707375	42.49920967	12.88392993	70	63
VelinoCluster473	Cluster	379625	4659875	42.08172661	13.54465748	260	277
VelinoCluster474	Cluster	326875	4697125	42.40712922	12.89614261	111	66
VelinoCluster475	Cluster	368875	4653875	42.02598628	13.41607838	284	234
VelinoCluster476	Cluster	373875	4666875	42.14384712	13.47365115	232	254
VelinoCluster477	Cluster	341625	4662625	42.09973675	13.08470835	249	125
VelinoCluster478	Cluster	387625	4649375	41.9883695	13.64336335	302	309
VelinoCluster479	Cluster	343875	4710125	42.52774652	13.09907622	59	134
VelinoCluster480	Cluster	333625	4702375	42.45585688	12.97659972	90	93
VelinoCluster481	Cluster	358875	4667625	42.14804093	13.29201544	229	194
VelinoCluster482	Cluster	357125	4648875	41.97892744	13.27542046	304	187
VelinoCluster483	Cluster	366625	4668375	42.15615084	13.38560216	226	225
VelinoCluster484	Cluster	348875	4689125	42.33971179	13.16544674	143	154
VelinoCluster485	Cluster	391125	4628125	41.79751606	13.68952362	387	323
VelinoCluster486	Cluster	337875	4703875	42.47025837	13.02783289	84	110
VelinoCluster487	Cluster	382625	4661375	42.09568643	13.58061569	254	289
VelinoCluster488	Cluster	342125	4678625	42.24385951	13.08641394	185	127
VelinoCluster489	Cluster	315375	4711375	42.5327158	12.75190626	54	20
VelinoCluster490	Cluster	347375	4689875	42.34617012	13.14704867	140	148
VelinoCluster491	Cluster	367125	4669375	42.16523868	13.39142388	222	227
VelinoCluster492	Cluster	353125	4669375	42.1627377	13.22201605	222	171
VelinoCluster493	Cluster	345125	4717125	42.59100418	13.11238891	31	139
VelinoCluster494	Cluster	384375	4660875	42.09144429	13.60187072	256	296
VelinoCluster495	Cluster	387375	4631375	41.82625677	13.64378138	374	308
VelinoCluster496	Cluster	343875	4706625	42.49624338	13.10003098	73	134
VelinoCluster497	Cluster	334125	4663125	42.10268791	12.99391855	247	95
VelinoCluster498	Cluster	350125	4694875	42.39171237	13.17911881	120	159
VelinoCluster499	Cluster	337125	4670625	42.17082468	13.02808537	217	107
VelinoCluster500	Cluster	371375	4657625	42.06016128	13.44544325	269	244
